,predictedUtility,realUtility,reward,negativeReward,lostUtility,shouldHaveUpdated,performedUpdate
0,710.9384301622911,1056.4890704296347,806.4890704296347,0.0,0.0,1.0,1.0
1,2185.8942483010114,3368.382067117008,3118.382067117008,0.0,0.0,1.0,1.0
2,1419.6613634427736,2090.03887472307,1840.03887472307,0.0,0.0,1.0,1.0
3,1595.8590172548184,2139.031208028788,1889.0312080287881,0.0,0.0,1.0,1.0
4,1943.824544597349,2334.4356340636723,2084.4356340636723,0.0,0.0,1.0,1.0
5,167.01932100382786,221.55478842210067,0.0,0.0,0.0,0.0,0.0
6,195.61028779706953,286.3285285815523,0.0,36.32852858155229,286.3285285815523,1.0,0.0
7,369.81524465453816,524.6055429204482,274.6055429204482,0.0,0.0,1.0,1.0
8,273.75232309263066,336.002269882001,86.00226988200097,0.0,0.0,1.0,1.0
9,389.2948027094918,478.2412802770779,228.24128027707792,0.0,0.0,1.0,1.0
10,31.69421422119392,43.17733362693921,0.0,0.0,0.0,0.0,0.0
11,54.591947032709314,79.51015384419668,0.0,0.0,0.0,0.0,0.0
12,1187.8406081743915,1411.8723862103882,1161.8723862103882,0.0,0.0,1.0,1.0
13,560.925901688387,726.2378993972226,476.2378993972226,0.0,0.0,1.0,1.0
14,374.59829262041364,448.9645459786954,198.9645459786954,0.0,0.0,1.0,1.0
15,1275.0666512113135,1576.460962396846,1326.460962396846,0.0,0.0,1.0,1.0
16,590.6485805552677,689.9234976633084,439.92349766330835,0.0,0.0,1.0,1.0
17,288.738214004799,358.3383480107897,108.33834801078967,0.0,0.0,1.0,1.0
18,103.36953679076868,141.493549309087,0.0,0.0,0.0,0.0,0.0
19,1059.1734439453926,1167.0034505453377,917.0034505453377,0.0,0.0,1.0,1.0
20,83.65523169362109,116.70449837488987,0.0,0.0,0.0,0.0,0.0
21,467.5068153727929,557.6117488795488,307.6117488795488,0.0,0.0,1.0,1.0
22,72.34042992950941,97.63663549733312,0.0,0.0,0.0,0.0,0.0
23,128.6593693711526,166.0906727311056,0.0,0.0,0.0,0.0,0.0
24,1616.912025783192,2093.938613642859,1843.9386136428589,0.0,0.0,1.0,1.0
25,1163.6298538189997,1628.4031080578554,1378.4031080578554,0.0,0.0,1.0,1.0
26,197.50560811976737,273.4458203086772,0.0,23.445820308677185,273.4458203086772,1.0,0.0
27,506.13584264236647,697.1778820316925,447.17788203169255,0.0,0.0,1.0,1.0
28,1163.7249723235843,1383.5168999596976,1133.5168999596976,0.0,0.0,1.0,1.0
29,625.757833769996,786.9546146502568,536.9546146502568,0.0,0.0,1.0,1.0
30,2242.6054844398086,2537.4908285266633,2287.4908285266633,0.0,0.0,1.0,1.0
31,433.91289632519164,626.3010425563731,376.3010425563731,0.0,0.0,1.0,1.0
32,1126.9594209554914,1420.3517648540656,1170.3517648540656,0.0,0.0,1.0,1.0
33,339.05596224611855,470.0939453368884,220.0939453368884,0.0,0.0,1.0,1.0
34,117.16267158229164,145.77100104590693,0.0,0.0,0.0,0.0,0.0
35,1163.1623344982422,1454.8562051583172,1204.8562051583172,0.0,0.0,1.0,1.0
36,256.90034321885855,334.5837844638027,84.58378446380271,0.0,0.0,1.0,1.0
37,191.75610238564775,251.49041159714943,0.0,1.490411597149432,251.49041159714943,1.0,0.0
38,958.1652007464977,1322.7831357175498,1072.7831357175498,0.0,0.0,1.0,1.0
39,849.9296971731968,1103.322772309595,853.3227723095949,0.0,0.0,1.0,1.0
40,185.23097839928943,212.5177186647937,0.0,0.0,0.0,0.0,0.0
41,376.221576205714,494.88926518306886,244.88926518306886,0.0,0.0,1.0,1.0
42,1547.6101670194253,1987.1308261174754,1737.1308261174754,0.0,0.0,1.0,1.0
43,74.89642893826822,106.38742500636424,0.0,0.0,0.0,0.0,0.0
44,597.1622848225234,736.9585964377876,486.9585964377876,0.0,0.0,1.0,1.0
45,265.562180910442,311.2228055179803,61.222805517980305,0.0,0.0,1.0,1.0
46,866.0820612753058,1146.5523171822333,896.5523171822333,0.0,0.0,1.0,1.0
47,2614.116696970192,3416.1677765399254,3166.1677765399254,0.0,0.0,1.0,1.0
48,1206.7522095956194,1563.0582350839586,1313.0582350839586,0.0,0.0,1.0,1.0
49,1203.4398865513965,1528.4245660513495,1278.4245660513495,0.0,0.0,1.0,1.0
50,987.5991893098828,1301.4717948427765,1051.4717948427765,0.0,0.0,1.0,1.0
51,334.3576519315946,459.9141685183003,209.9141685183003,0.0,0.0,1.0,1.0
52,9.254323619995262,10.877924666020517,0.0,0.0,0.0,0.0,0.0
53,175.10447041712973,236.05865363252613,0.0,0.0,0.0,0.0,0.0
54,633.7744337373975,779.0778639632664,529.0778639632664,0.0,0.0,1.0,1.0
55,10.300634313060998,14.143071309365542,0.0,0.0,0.0,0.0,0.0
56,1126.7102611416765,1444.1731699873565,1194.1731699873565,0.0,0.0,1.0,1.0
57,568.4827196213307,681.4961830235715,431.49618302357146,0.0,0.0,1.0,1.0
58,678.0432361739514,1021.3222661236924,771.3222661236924,0.0,0.0,1.0,1.0
59,752.3461964991476,882.5225014584544,632.5225014584544,0.0,0.0,1.0,1.0
60,924.7989625243823,1212.1093907826744,962.1093907826744,0.0,0.0,1.0,1.0
61,1026.0004774457668,1225.9528141686158,975.9528141686158,0.0,0.0,1.0,1.0
62,551.7985567402194,687.6738286622452,437.6738286622452,0.0,0.0,1.0,1.0
63,97.12604046270846,116.97575560489334,0.0,0.0,0.0,0.0,0.0
64,423.4920231594898,460.1394222449402,210.1394222449402,0.0,0.0,1.0,1.0
65,325.4979864897992,423.5504647142755,173.5504647142755,0.0,0.0,1.0,1.0
66,1921.9764433011521,2255.2252422137394,2005.2252422137394,0.0,0.0,1.0,1.0
67,538.3366818552097,685.5224133493202,435.52241334932023,0.0,0.0,1.0,1.0
68,192.74781281955558,255.45875013445195,0.0,5.458750134451947,255.45875013445195,1.0,0.0
69,529.2478224098346,737.9910407887648,487.99104078876485,0.0,0.0,1.0,1.0
70,2350.74697202722,2813.4360149005943,2563.4360149005943,0.0,0.0,1.0,1.0
71,557.105885570451,685.7171354478356,435.71713544783563,0.0,0.0,1.0,1.0
72,28.957445103923444,34.68212101979309,0.0,0.0,0.0,0.0,0.0
73,582.3369511474235,805.5194802727518,555.5194802727518,0.0,0.0,1.0,1.0
74,599.4485073732167,732.3494625165237,482.34946251652366,0.0,0.0,1.0,1.0
75,31.359169107455326,44.245829830538476,0.0,0.0,0.0,0.0,0.0
76,2449.1925651032657,2717.333516064167,2467.333516064167,0.0,0.0,1.0,1.0
77,248.57638234361954,331.46424329475457,0.0,81.46424329475457,331.46424329475457,1.0,0.0
78,774.9457034796068,971.8798554549596,721.8798554549596,0.0,0.0,1.0,1.0
79,573.6172302539816,716.3116734925724,466.31167349257237,0.0,0.0,1.0,1.0
80,217.15504146110183,293.98136158167574,0.0,43.98136158167574,293.98136158167574,1.0,0.0
81,377.2588372882635,504.1496970332834,254.14969703328342,0.0,0.0,1.0,1.0
82,982.3345231644821,1229.2562999385373,979.2562999385373,0.0,0.0,1.0,1.0
83,48.607634315045516,60.677181617726475,0.0,0.0,0.0,0.0,0.0
84,374.5861069955927,461.04754856165295,211.04754856165295,0.0,0.0,1.0,1.0
85,956.6364233406389,1276.7801040360598,1026.7801040360598,0.0,0.0,1.0,1.0
86,1721.021306471724,2303.144096744254,2053.144096744254,0.0,0.0,1.0,1.0
87,1828.5477525774068,2122.470211805351,1872.470211805351,0.0,0.0,1.0,1.0
88,1604.6797468930667,2215.9515508124764,1965.9515508124764,0.0,0.0,1.0,1.0
89,237.11657991292668,316.6674468618256,0.0,66.66744686182562,316.6674468618256,1.0,0.0
90,1184.6751982862352,1359.6284730922782,1109.6284730922782,0.0,0.0,1.0,1.0
91,442.7503652690514,560.6231071006739,310.6231071006739,0.0,0.0,1.0,1.0
92,1770.4462690760283,2107.5001766766613,1857.5001766766613,0.0,0.0,1.0,1.0
93,482.99067827990916,596.5682411925399,346.56824119253986,0.0,0.0,1.0,1.0
94,10.107380813765444,13.191933396566668,0.0,0.0,0.0,0.0,0.0
95,631.0612632135136,831.1533167947912,581.1533167947912,0.0,0.0,1.0,1.0
96,115.14743582362343,156.10675431351348,0.0,0.0,0.0,0.0,0.0
97,740.3842594306443,1004.3185698503565,754.3185698503565,0.0,0.0,1.0,1.0
98,321.80115029283905,391.55661552699956,141.55661552699956,0.0,0.0,1.0,1.0
99,384.15424399455713,489.9837015947681,239.9837015947681,0.0,0.0,1.0,1.0
100,988.5729471166622,1263.6436144555394,1013.6436144555394,0.0,0.0,1.0,1.0
101,701.3554224869426,908.1239946998581,658.1239946998581,0.0,0.0,1.0,1.0
102,371.0564269414307,450.5273541239851,200.5273541239851,0.0,0.0,1.0,1.0
103,27.63614254722326,31.874846602300728,0.0,0.0,0.0,0.0,0.0
104,348.99695103572776,488.4004884004884,238.40048840048843,0.0,0.0,1.0,1.0
105,831.8083513558477,934.1088226041451,684.1088226041451,0.0,0.0,1.0,1.0
106,468.9214494049387,617.0351051839176,367.0351051839176,0.0,0.0,1.0,1.0
107,220.42718789013105,284.5660432514516,0.0,34.56604325145162,284.5660432514516,1.0,0.0
108,849.0626348511244,1032.6060547159725,782.6060547159725,0.0,0.0,1.0,1.0
109,184.25082161320321,224.31742568599807,0.0,0.0,0.0,0.0,0.0
110,1317.1733657641885,1500.8898132464246,1250.8898132464246,0.0,0.0,1.0,1.0
111,290.6768313124834,348.38997380107395,98.38997380107395,0.0,0.0,1.0,1.0
112,2040.9634678631446,2531.7535558065906,2281.7535558065906,0.0,0.0,1.0,1.0
113,10.643676325802934,15.422150526357996,0.0,0.0,0.0,0.0,0.0
114,397.9271972296308,495.8780140085539,245.87801400855392,0.0,0.0,1.0,1.0
115,72.93490039176461,102.21261099194417,0.0,0.0,0.0,0.0,0.0
116,606.6977337747583,801.1138244621486,551.1138244621486,0.0,0.0,1.0,1.0
117,422.09097537837823,581.4291528577244,331.4291528577244,0.0,0.0,1.0,1.0
118,699.9276398337054,890.8405866971299,640.8405866971299,0.0,0.0,1.0,1.0
119,630.2408139818408,797.1376225435747,547.1376225435747,0.0,0.0,1.0,1.0
120,1020.4718542964342,1180.210054472996,930.210054472996,0.0,0.0,1.0,1.0
121,2174.416739444276,2854.3330881934335,2604.3330881934335,0.0,0.0,1.0,1.0
122,1079.934620174346,1217.1946842586021,967.1946842586021,0.0,0.0,1.0,1.0
123,208.6136579361851,246.5019137512213,0.0,0.0,0.0,0.0,0.0
124,379.2577925000773,484.08259977834115,234.08259977834115,0.0,0.0,1.0,1.0
125,2144.3335433453813,2640.123895298674,2390.123895298674,0.0,0.0,1.0,1.0
126,835.1597992618473,1122.5912861010245,872.5912861010245,0.0,0.0,1.0,1.0
127,729.4720660472591,975.5971587167455,725.5971587167455,0.0,0.0,1.0,1.0
128,1212.7667427721738,1444.516740064865,1194.516740064865,0.0,0.0,1.0,1.0
129,397.6783161163872,458.19714695909823,208.19714695909823,0.0,0.0,1.0,1.0
130,221.83887525577492,302.4389541372929,0.0,52.43895413729291,302.4389541372929,1.0,0.0
131,1392.84877672001,1708.138633566736,1458.138633566736,0.0,0.0,1.0,1.0
132,1012.3313417783413,1117.1300297198745,867.1300297198745,0.0,0.0,1.0,1.0
133,404.35163226645153,517.6974886494826,267.6974886494826,0.0,0.0,1.0,1.0
134,745.1705600953818,974.5023518447605,724.5023518447605,0.0,0.0,1.0,1.0
135,456.4879987131386,657.8581548175189,407.8581548175189,0.0,0.0,1.0,1.0
136,1098.4849277406151,1367.6790096440907,1117.6790096440907,0.0,0.0,1.0,1.0
137,157.74705653851692,196.85935506414538,0.0,0.0,0.0,0.0,0.0
138,714.4158040850497,879.5358033011084,629.5358033011084,0.0,0.0,1.0,1.0
139,98.78543310003506,123.80757826186542,0.0,0.0,0.0,0.0,0.0
140,228.82105153674138,310.2493699822453,0.0,60.2493699822453,310.2493699822453,1.0,0.0
141,316.99991282502396,398.66348068101684,148.66348068101684,0.0,0.0,1.0,1.0
142,1897.8715683197267,2177.6117581463022,1927.6117581463022,0.0,0.0,1.0,1.0
143,89.70031126008007,116.09308085238119,0.0,0.0,0.0,0.0,0.0
144,196.89651709750908,249.35945789253853,0.0,0.0,0.0,0.0,0.0
145,353.0264961515068,464.2864249282014,214.28642492820143,0.0,0.0,1.0,1.0
146,174.4062677736943,213.97392371116374,0.0,0.0,0.0,0.0,0.0
147,355.28358945100325,496.0187203300567,246.01872033005668,0.0,0.0,1.0,1.0
148,1157.8801109880717,1459.3620730370915,1209.3620730370915,0.0,0.0,1.0,1.0
149,317.33627927179253,392.9601194598763,142.9601194598763,0.0,0.0,1.0,1.0
150,2751.8852058212788,3087.3232784175193,2837.3232784175193,0.0,0.0,1.0,1.0
151,372.6090916618366,482.3028352708063,232.30283527080633,0.0,0.0,1.0,1.0
152,835.4533811919067,1034.3322628414874,784.3322628414874,0.0,0.0,1.0,1.0
153,752.9747456233341,890.6295227280451,640.6295227280451,0.0,0.0,1.0,1.0
154,916.6107995937068,1167.5486636998257,917.5486636998257,0.0,0.0,1.0,1.0
155,1076.5665459778907,1559.451631145368,1309.451631145368,0.0,0.0,1.0,1.0
156,1993.546168119473,2480.4359025379495,2230.4359025379495,0.0,0.0,1.0,1.0
157,1203.6071179473252,1419.8891272900262,1169.8891272900262,0.0,0.0,1.0,1.0
158,329.09400420641975,416.43426269682834,166.43426269682834,0.0,0.0,1.0,1.0
159,131.969513012194,174.55311046929276,0.0,0.0,0.0,0.0,0.0
160,390.37339214959104,472.01315972689315,222.01315972689315,0.0,0.0,1.0,1.0
161,822.8256042229942,1070.3273692313815,820.3273692313815,0.0,0.0,1.0,1.0
162,393.32547372430577,517.7803030922385,267.78030309223846,0.0,0.0,1.0,1.0
163,482.9805862356698,613.9826046970975,363.9826046970975,0.0,0.0,1.0,1.0
164,1277.0563223708864,1534.7958344131418,1284.7958344131418,0.0,0.0,1.0,1.0
165,575.4920728681548,785.0119010766513,535.0119010766513,0.0,0.0,1.0,1.0
166,29.172691637842426,35.09026385539069,0.0,0.0,0.0,0.0,0.0
167,533.1654545696894,654.2979194584427,404.2979194584427,0.0,0.0,1.0,1.0
168,1568.0713404282878,2097.3584681988023,1847.3584681988023,0.0,0.0,1.0,1.0
169,423.9652117272632,504.1165700825148,254.11657008251478,0.0,0.0,1.0,1.0
170,72.07147843312488,98.99505873235414,0.0,0.0,0.0,0.0,0.0
171,326.5583363812112,486.5233044662839,236.5233044662839,0.0,0.0,1.0,1.0
172,136.8924055026836,169.90559317076602,0.0,0.0,0.0,0.0,0.0
173,1125.7644095262392,1384.6034635411045,1134.6034635411045,0.0,0.0,1.0,1.0
174,1452.1944665487595,2166.2366481450495,1916.2366481450495,0.0,0.0,1.0,1.0
175,430.6872496018589,509.75190143251876,259.75190143251876,0.0,0.0,1.0,1.0
176,1203.5417328095855,1473.0963087508271,1223.0963087508271,0.0,0.0,1.0,1.0
177,846270.6302953132,1072287.5716409723,1072037.5716409723,0.0,0.0,1.0,1.0
178,369.17076645280093,532.3933980086921,282.3933980086921,0.0,0.0,1.0,1.0
179,1645.642235060292,2213.8259667754614,1963.8259667754614,0.0,0.0,1.0,1.0
180,271.06486790800477,354.27797467457526,104.27797467457526,0.0,0.0,1.0,1.0
181,1360.2163493721048,1699.8471476029476,1449.8471476029476,0.0,0.0,1.0,1.0
182,235.70275311529403,334.24770337643355,0.0,84.24770337643355,334.24770337643355,1.0,0.0
183,1234.986174712292,1692.1284580067627,1442.1284580067627,0.0,0.0,1.0,1.0
184,530.4838770793073,744.5501587487302,494.55015874873015,0.0,0.0,1.0,1.0
185,1009.7750387774435,1212.8502104982813,962.8502104982813,0.0,0.0,1.0,1.0
186,1606.1088187231328,1972.0080733216423,1722.0080733216423,0.0,0.0,1.0,1.0
187,89.89239879863801,114.66165892488132,0.0,0.0,0.0,0.0,0.0
188,682.1475684587558,906.8017103675338,656.8017103675338,0.0,0.0,1.0,1.0
189,540.1166651996832,665.1106362275909,415.11063622759093,0.0,0.0,1.0,1.0
190,138.75247648393298,173.43861883394737,0.0,0.0,0.0,0.0,0.0
191,182.5757790914218,243.64657710398973,0.0,0.0,0.0,0.0,0.0
192,804.4130319318916,1179.8456503293062,929.8456503293062,0.0,0.0,1.0,1.0
193,20.236504022511088,27.167268874460053,0.0,0.0,0.0,0.0,0.0
194,879.0271806192088,1211.483347782796,961.483347782796,0.0,0.0,1.0,1.0
195,620.8866261020738,855.4653731630008,605.4653731630008,0.0,0.0,1.0,1.0
196,609.9316127554891,838.1564088085827,588.1564088085827,0.0,0.0,1.0,1.0
197,849.7034004067956,1100.6397468528583,850.6397468528583,0.0,0.0,1.0,1.0
198,661.9180938413692,860.5608974574459,610.5608974574459,0.0,0.0,1.0,1.0
199,3813.1485916296047,4476.781403366373,4226.781403366373,0.0,0.0,1.0,1.0
200,583.5518240089601,737.557597425536,487.55759742553596,0.0,0.0,1.0,1.0
201,222.58803103686563,282.7763496143959,0.0,32.77634961439588,282.7763496143959,1.0,0.0
202,522.7412154818195,652.8717735200136,402.87177352001356,0.0,0.0,1.0,1.0
203,272.18062743915715,374.2568841674943,124.25688416749432,0.0,0.0,1.0,1.0
204,269.88475920781826,340.1446244551387,90.14462445513868,0.0,0.0,1.0,1.0
205,751.0244953714034,1052.2102133013095,802.2102133013095,0.0,0.0,1.0,1.0
206,1770.5924271106119,2193.276389379668,1943.2763893796682,0.0,0.0,1.0,1.0
207,1307.5178837478968,1901.5465912275317,1651.5465912275317,0.0,0.0,1.0,1.0
208,87.59968113716066,109.53862331858213,0.0,0.0,0.0,0.0,0.0
209,837.785541032818,1019.5119854074669,769.5119854074669,0.0,0.0,1.0,1.0
210,2007.7158405452108,2451.3853713239373,2201.3853713239373,0.0,0.0,1.0,1.0
211,59.67518795197739,77.64216280008696,0.0,0.0,0.0,0.0,0.0
212,763.6637060012218,891.1505324624432,641.1505324624432,0.0,0.0,1.0,1.0
213,1259.6994042296656,1760.0612249868977,1510.0612249868977,0.0,0.0,1.0,1.0
214,845.2963382174968,1054.388441845334,804.388441845334,0.0,0.0,1.0,1.0
215,1573.6408508299294,2030.300084071581,1780.300084071581,0.0,0.0,1.0,1.0
216,171.37476839204095,219.21199734366638,0.0,0.0,0.0,0.0,0.0
217,1492.2423164344302,1675.2890428330356,1425.2890428330356,0.0,0.0,1.0,1.0
218,534.2206483912327,606.0219098564053,356.0219098564053,0.0,0.0,1.0,1.0
219,534.4000977188749,742.1234575380432,492.1234575380432,0.0,0.0,1.0,1.0
220,1482.1453996307475,2017.7129779457618,1767.7129779457618,0.0,0.0,1.0,1.0
221,1542.0537864192988,1837.929398674207,1587.929398674207,0.0,0.0,1.0,1.0
222,394.39911737629103,522.9967161311456,272.9967161311456,0.0,0.0,1.0,1.0
223,166.13665815134854,203.31061436879824,0.0,0.0,0.0,0.0,0.0
224,1038.5591581312294,1353.5201191097706,1103.5201191097706,0.0,0.0,1.0,1.0
225,59.7340044780592,76.65439344656039,0.0,0.0,0.0,0.0,0.0
226,936248.5047069225,1401129.906857276,1400879.906857276,0.0,0.0,1.0,1.0
227,335.5783183865395,438.09865185096675,188.09865185096675,0.0,0.0,1.0,1.0
228,334.2375717532593,479.85016291686986,229.85016291686986,0.0,0.0,1.0,1.0
229,874.9891993520705,1184.3482457581829,934.3482457581829,0.0,0.0,1.0,1.0
230,320.0276503889936,434.58798885716396,184.58798885716396,0.0,0.0,1.0,1.0
231,652.0678191286132,825.2974294564127,575.2974294564127,0.0,0.0,1.0,1.0
232,541.2456824610994,791.7490058702533,541.7490058702533,0.0,0.0,1.0,1.0
233,64.30847489236369,93.96384114786228,0.0,0.0,0.0,0.0,0.0
234,146.95030875309513,210.21210401294906,0.0,0.0,0.0,0.0,0.0
235,492.1308280593313,608.3487346954666,358.34873469546665,0.0,0.0,1.0,1.0
236,29.29862032796876,36.837839829072415,0.0,0.0,0.0,0.0,0.0
237,1215.2546438184581,1533.053439015403,1283.053439015403,0.0,0.0,1.0,1.0
238,2447.375806904294,2892.424369073349,2642.424369073349,0.0,0.0,1.0,1.0
239,489.63497168821783,702.225821779768,452.225821779768,0.0,0.0,1.0,1.0
240,30.738019856760832,41.85664934731531,0.0,0.0,0.0,0.0,0.0
241,332.9274788828856,393.2584269662921,143.25842696629212,0.0,0.0,1.0,1.0
242,2172.677374966806,2623.39217858146,2373.39217858146,0.0,0.0,1.0,1.0
243,68.62576897625058,85.7385024668192,0.0,0.0,0.0,0.0,0.0
244,327.1322426814713,452.3718146092748,202.3718146092748,0.0,0.0,1.0,1.0
245,71.15310725619388,94.14777434661444,0.0,0.0,0.0,0.0,0.0
246,248.57442566878947,309.3542539303458,0.0,59.354253930345806,309.3542539303458,1.0,0.0
247,4094.9098889773304,4535.21094463603,4285.21094463603,0.0,0.0,1.0,1.0
248,403.32380179220553,533.1270086243546,283.12700862435463,0.0,0.0,1.0,1.0
249,1864.9800229747232,2477.1151790171625,2227.1151790171625,0.0,0.0,1.0,1.0
250,301.1886193728823,425.5302981371651,175.53029813716512,0.0,0.0,1.0,1.0
251,1021.0694135118822,1167.476193888898,917.476193888898,0.0,0.0,1.0,1.0
252,91.05855571013026,114.57830727101206,0.0,0.0,0.0,0.0,0.0
253,546.224757832229,618.9821943139852,368.98219431398525,0.0,0.0,1.0,1.0
254,436.2727832820269,607.1555502902501,357.15555029025006,0.0,0.0,1.0,1.0
255,122.57317874131645,165.76394385575222,0.0,0.0,0.0,0.0,0.0
256,826.6930932892155,1048.4817983559806,798.4817983559806,0.0,0.0,1.0,1.0
257,951.3781621298044,1208.6200410930815,958.6200410930815,0.0,0.0,1.0,1.0
258,1267.3987758418882,1614.7482146176778,1364.7482146176778,0.0,0.0,1.0,1.0
259,1894.3823625593845,2231.324808592221,1981.324808592221,0.0,0.0,1.0,1.0
260,790.7538731124705,1021.9737993170489,771.9737993170489,0.0,0.0,1.0,1.0
261,567.2395786410942,814.1327052272907,564.1327052272907,0.0,0.0,1.0,1.0
262,1343.9637419258795,1615.316179503874,1365.316179503874,0.0,0.0,1.0,1.0
263,569.4407583323928,715.4044462386333,465.40444623863334,0.0,0.0,1.0,1.0
264,222.07036198478414,284.6510953891698,0.0,34.651095389169825,284.6510953891698,1.0,0.0
265,404.02407983515815,517.5728936724126,267.57289367241265,0.0,0.0,1.0,1.0
266,52.512348278697736,72.67779896739384,0.0,0.0,0.0,0.0,0.0
267,335.6957096113631,418.16766309461286,168.16766309461286,0.0,0.0,1.0,1.0
268,1761.0757165913737,2104.4986224516642,1854.4986224516642,0.0,0.0,1.0,1.0
269,141.52636181214396,182.7876686216243,0.0,0.0,0.0,0.0,0.0
270,3554.383260649985,4461.529448347657,4211.529448347657,0.0,0.0,1.0,1.0
271,274.8170352738235,383.39261172945464,133.39261172945464,0.0,0.0,1.0,1.0
272,40.61948780856848,54.3324712581227,0.0,0.0,0.0,0.0,0.0
273,129.9332143278355,168.1994379551089,0.0,0.0,0.0,0.0,0.0
274,1143.3316016854706,1619.1849840243035,1369.1849840243035,0.0,0.0,1.0,1.0
275,551.7086199603852,775.0059075205204,525.0059075205204,0.0,0.0,1.0,1.0
276,677.0576820384241,959.4315213488989,709.4315213488989,0.0,0.0,1.0,1.0
277,140.436476569177,180.07866865267715,0.0,0.0,0.0,0.0,0.0
278,930.421115242624,1299.56727503949,1049.56727503949,0.0,0.0,1.0,1.0
279,1331.9404831751701,1791.1835282170618,1541.1835282170618,0.0,0.0,1.0,1.0
280,215.07752078186545,267.6646502596347,0.0,17.664650259634698,267.6646502596347,1.0,0.0
281,1400.2144145126347,1756.067481249623,1506.067481249623,0.0,0.0,1.0,1.0
282,698.6419056331279,986.9643597916887,736.9643597916887,0.0,0.0,1.0,1.0
283,507.74630455892714,688.7131394988464,438.71313949884643,0.0,0.0,1.0,1.0
284,1750.2107502293914,1957.1579287478705,1707.1579287478705,0.0,0.0,1.0,1.0
285,386.9539494251188,477.2190686693123,227.21906866931232,0.0,0.0,1.0,1.0
286,357.90260128084395,553.9298292078543,303.92982920785425,0.0,0.0,1.0,1.0
287,836.4717233651841,953.3892433304326,703.3892433304326,0.0,0.0,1.0,1.0
288,440.58556759170057,534.7339401573305,284.7339401573305,0.0,0.0,1.0,1.0
289,217.16062483034324,269.67460082030107,0.0,19.674600820301066,269.67460082030107,1.0,0.0
290,751.1791948402337,981.2379133975771,731.2379133975771,0.0,0.0,1.0,1.0
291,532.037526380194,763.3824522229935,513.3824522229935,0.0,0.0,1.0,1.0
292,844.9355501938659,1024.5862758565731,774.5862758565731,0.0,0.0,1.0,1.0
293,3114.2946122703206,3518.0785260256143,3268.0785260256143,0.0,0.0,1.0,1.0
294,65.63045553161606,77.50084143770704,0.0,0.0,0.0,0.0,0.0
295,113.31958389048796,156.12824658043658,0.0,0.0,0.0,0.0,0.0
296,390.7297203134955,572.6379281959757,322.63792819597575,0.0,0.0,1.0,1.0
297,156.7266080639758,195.9542789678598,0.0,0.0,0.0,0.0,0.0
298,592.4566267889497,848.3936052717636,598.3936052717636,0.0,0.0,1.0,1.0
299,158.3354092864773,223.76003377284775,0.0,0.0,0.0,0.0,0.0
300,937.0753877149417,1124.2136484320806,874.2136484320806,0.0,0.0,1.0,1.0
301,1377.09756082851,1569.002915825857,1319.002915825857,0.0,0.0,1.0,1.0
302,1116.9116977885149,1354.0350243726305,1104.0350243726305,0.0,0.0,1.0,1.0
303,157.1022490168836,194.22142699337948,0.0,0.0,0.0,0.0,0.0
304,380.3318966295938,443.41768615783,193.41768615783002,0.0,0.0,1.0,1.0
305,152.1683996956632,195.5628102115077,0.0,0.0,0.0,0.0,0.0
306,583.9952847788118,808.7149519413653,558.7149519413653,0.0,0.0,1.0,1.0
307,563.852806224935,702.6022631320754,452.60226313207545,0.0,0.0,1.0,1.0
308,1776.0166253608256,2367.078548581213,2117.078548581213,0.0,0.0,1.0,1.0
309,519.6343852465405,690.6516159866511,440.6516159866511,0.0,0.0,1.0,1.0
310,1388.2684597721225,1854.011542717024,1604.011542717024,0.0,0.0,1.0,1.0
311,1424.161223814605,1771.759247901828,1521.759247901828,0.0,0.0,1.0,1.0
312,1065.926487313876,1399.825021872266,1149.825021872266,0.0,0.0,1.0,1.0
313,232.72968649287492,305.25638218099044,0.0,55.25638218099044,305.25638218099044,1.0,0.0
314,497.47800282048394,731.7540701831691,481.7540701831691,0.0,0.0,1.0,1.0
315,93.90847054404308,130.9172791898257,0.0,0.0,0.0,0.0,0.0
316,318.9299898839394,402.6767939880355,152.6767939880355,0.0,0.0,1.0,1.0
317,1016.8629777137533,1298.4799668887606,1048.4799668887606,0.0,0.0,1.0,1.0
318,2465.399858403141,2888.0792611628735,2638.0792611628735,0.0,0.0,1.0,1.0
319,10.650716154154205,15.721206413937793,0.0,0.0,0.0,0.0,0.0
320,2624.4124894767874,3180.455755179255,2930.455755179255,0.0,0.0,1.0,1.0
321,112.1996746209436,147.49499857868454,0.0,0.0,0.0,0.0,0.0
322,1432.1042488872654,1734.2740303774435,1484.2740303774435,0.0,0.0,1.0,1.0
323,19.77163758588305,25.4723205029255,0.0,0.0,0.0,0.0,0.0
324,401.95369101329584,489.9787397029773,239.9787397029773,0.0,0.0,1.0,1.0
325,785.4217348185832,1005.5816485371467,755.5816485371467,0.0,0.0,1.0,1.0
326,1815.1923154044398,2109.7331064961377,1859.7331064961377,0.0,0.0,1.0,1.0
327,95.37121124617323,134.27625100707186,0.0,0.0,0.0,0.0,0.0
328,1846.336794780187,2145.3297262704714,1895.3297262704714,0.0,0.0,1.0,1.0
329,947.9660398979113,1200.4406012756328,950.4406012756328,0.0,0.0,1.0,1.0
330,287.1194129638517,380.31025167030907,130.31025167030907,0.0,0.0,1.0,1.0
331,704.5223388157078,831.6748643257166,581.6748643257166,0.0,0.0,1.0,1.0
332,258.73349951985034,319.181324455182,69.181324455182,0.0,0.0,1.0,1.0
333,1043.7281149656287,1250.3968784209692,1000.3968784209692,0.0,0.0,1.0,1.0
334,706.0145671115204,820.1869352086028,570.1869352086028,0.0,0.0,1.0,1.0
335,173.66538154284325,231.59627048264664,0.0,0.0,0.0,0.0,0.0
336,399.6239538594183,511.1448750698033,261.1448750698033,0.0,0.0,1.0,1.0
337,509.4926228790985,755.3173933996753,505.3173933996753,0.0,0.0,1.0,1.0
338,9.93917226573371,12.899547354883317,0.0,0.0,0.0,0.0,0.0
339,83.83090468216562,118.45920117037691,0.0,0.0,0.0,0.0,0.0
340,164.55301743953447,223.91652391988265,0.0,0.0,0.0,0.0,0.0
341,911.3402148248866,1201.4616402299073,951.4616402299073,0.0,0.0,1.0,1.0
342,557.6980748893811,749.7609252898604,499.76092528986044,0.0,0.0,1.0,1.0
343,1553.6661307039878,1815.5675781059606,1565.5675781059606,0.0,0.0,1.0,1.0
344,2428.63085935304,2973.539627233768,2723.539627233768,0.0,0.0,1.0,1.0
345,967.0992824123325,1162.1079414786905,912.1079414786905,0.0,0.0,1.0,1.0
346,949.9520553609707,1357.0719814927313,1107.0719814927313,0.0,0.0,1.0,1.0
347,683.8648310076749,881.8342151675485,631.8342151675485,0.0,0.0,1.0,1.0
348,243.67733465731348,316.1751241316711,0.0,66.17512413167111,316.1751241316711,1.0,0.0
349,1973.3061301735818,2727.9405723729815,2477.9405723729815,0.0,0.0,1.0,1.0
350,82.97550148318707,112.79123048183004,0.0,0.0,0.0,0.0,0.0
351,1082.4498792904376,1419.719182413838,1169.719182413838,0.0,0.0,1.0,1.0
352,679.6997374917227,871.641538737863,621.641538737863,0.0,0.0,1.0,1.0
353,770.6746676069603,1021.8665442293236,771.8665442293236,0.0,0.0,1.0,1.0
354,318.0342783127607,381.64451779215176,131.64451779215176,0.0,0.0,1.0,1.0
355,221.91356063334132,288.29508836899674,0.0,38.295088368996744,288.29508836899674,1.0,0.0
356,592.1561131288282,791.6611690196596,541.6611690196596,0.0,0.0,1.0,1.0
357,2970.268310369833,3685.404645913232,3435.404645913232,0.0,0.0,1.0,1.0
358,70.33684314180611,92.35632654030562,0.0,0.0,0.0,0.0,0.0
359,389.87874770946246,488.29653372063177,238.29653372063177,0.0,0.0,1.0,1.0
360,867.2546583591334,1116.302590628976,866.3025906289761,0.0,0.0,1.0,1.0
361,238.9874579382074,282.2654853667927,0.0,32.26548536679269,282.2654853667927,1.0,0.0
362,771.5751707110064,1001.9117559451277,751.9117559451277,0.0,0.0,1.0,1.0
363,1708.383392294747,2215.951686497516,1965.9516864975162,0.0,0.0,1.0,1.0
364,464.62075061103036,655.3933922628523,405.39339226285233,0.0,0.0,1.0,1.0
365,773.4920213280249,959.055885195963,709.055885195963,0.0,0.0,1.0,1.0
366,230.51173605403994,296.29553289395716,0.0,46.29553289395716,296.29553289395716,1.0,0.0
367,310.40134894418486,406.25741255964454,156.25741255964454,0.0,0.0,1.0,1.0
368,185.60034384905808,230.56853346277532,0.0,0.0,0.0,0.0,0.0
369,757.5583224014791,868.6473291843512,618.6473291843512,0.0,0.0,1.0,1.0
370,137.5357196133342,192.44832762403294,0.0,0.0,0.0,0.0,0.0
371,235.77514517363366,291.9189535678578,0.0,41.918953567857784,291.9189535678578,1.0,0.0
372,686.1808301559064,886.5752656086868,636.5752656086868,0.0,0.0,1.0,1.0
373,3305.5891535691335,3927.8834795539897,3677.8834795539897,0.0,0.0,1.0,1.0
374,749.0434091462362,968.2403710512265,718.2403710512265,0.0,0.0,1.0,1.0
375,767.5974304157369,973.5842900333913,723.5842900333913,0.0,0.0,1.0,1.0
376,31.557156321529554,44.83554322744174,0.0,0.0,0.0,0.0,0.0
377,2160.3034224105872,2678.0488343585384,2428.0488343585384,0.0,0.0,1.0,1.0
378,76.35219741624165,115.32552689350099,0.0,0.0,0.0,0.0,0.0
379,2524.1497468590533,3068.8800624639307,2818.8800624639307,0.0,0.0,1.0,1.0
380,480.84497762536245,621.9687295296196,371.9687295296196,0.0,0.0,1.0,1.0
381,769.6682302334233,1032.5334067579313,782.5334067579313,0.0,0.0,1.0,1.0
382,54.70710907941066,82.97997693156641,0.0,0.0,0.0,0.0,0.0
383,71.53916513794285,96.67413359260416,0.0,0.0,0.0,0.0,0.0
384,832.1137665941686,1074.5019347750463,824.5019347750463,0.0,0.0,1.0,1.0
385,901.4724425508515,1312.9918077517395,1062.9918077517395,0.0,0.0,1.0,1.0
386,287.63563507964534,355.55119630717167,105.55119630717167,0.0,0.0,1.0,1.0
387,563.8171913180663,750.6614318654362,500.66143186543616,0.0,0.0,1.0,1.0
388,1065.6779543423604,1486.7032973840217,1236.7032973840217,0.0,0.0,1.0,1.0
389,667.3011497270629,930.3694710697036,680.3694710697036,0.0,0.0,1.0,1.0
390,978.8208866535301,1137.2330087050018,887.2330087050018,0.0,0.0,1.0,1.0
391,768.5357089138066,1083.572880337951,833.5728803379509,0.0,0.0,1.0,1.0
392,814.9596160344936,1119.2142220789626,869.2142220789626,0.0,0.0,1.0,1.0
393,111.03585347708776,145.7034695969842,0.0,0.0,0.0,0.0,0.0
394,163.67415748727433,220.97249997237842,0.0,0.0,0.0,0.0,0.0
395,1745.3250590467221,2026.0679416108799,1776.0679416108799,0.0,0.0,1.0,1.0
396,236.4303742101748,294.3513966973773,0.0,44.35139669737731,294.3513966973773,1.0,0.0
397,374.9964227314937,473.6985133346132,223.6985133346132,0.0,0.0,1.0,1.0
398,1024.8561024054043,1446.603430179764,1196.603430179764,0.0,0.0,1.0,1.0
399,299.0159481602803,360.194551534545,110.19455153454498,0.0,0.0,1.0,1.0
400,597.7193913567714,767.6273037090957,517.6273037090957,0.0,0.0,1.0,1.0
401,1162.413989437101,1502.1238362017407,1252.1238362017407,0.0,0.0,1.0,1.0
402,632.9473082278785,881.4743722724637,631.4743722724637,0.0,0.0,1.0,1.0
403,264.5860703575066,349.3745523638548,99.37455236385478,0.0,0.0,1.0,1.0
404,709.4690468790119,1049.9685009449718,799.9685009449718,0.0,0.0,1.0,1.0
405,79.81920949050401,102.21839471122026,0.0,0.0,0.0,0.0,0.0
406,861.1022108298622,1042.9008164943252,792.9008164943252,0.0,0.0,1.0,1.0
407,2807.4881505813887,3400.4521086933178,3150.4521086933178,0.0,0.0,1.0,1.0
408,923.684509923413,1329.685886032947,1079.685886032947,0.0,0.0,1.0,1.0
409,341.5003966283178,404.64626401665754,154.64626401665754,0.0,0.0,1.0,1.0
410,1184.7639357857947,1666.1885543849448,1416.1885543849448,0.0,0.0,1.0,1.0
411,581.5792427226071,734.1614330831173,484.16143308311734,0.0,0.0,1.0,1.0
412,39.692817287015785,50.95729651159088,0.0,0.0,0.0,0.0,0.0
413,565.6349947455486,693.8814266202131,443.8814266202131,0.0,0.0,1.0,1.0
414,1488.5842130682258,1940.120689878175,1690.120689878175,0.0,0.0,1.0,1.0
415,9.929678020260514,12.780075351324273,0.0,0.0,0.0,0.0,0.0
416,852.1435137498682,1105.0349536368772,855.0349536368772,0.0,0.0,1.0,1.0
417,116.36736011916017,138.35851458298743,0.0,0.0,0.0,0.0,0.0
418,1946.0747435097219,2617.6986757477403,2367.6986757477403,0.0,0.0,1.0,1.0
419,832.111054650835,1197.4393955964565,947.4393955964565,0.0,0.0,1.0,1.0
420,2275.9522421613183,2945.4726882547775,2695.4726882547775,0.0,0.0,1.0,1.0
421,468.2658284029692,602.6661426091514,352.6661426091514,0.0,0.0,1.0,1.0
422,51.3038883216959,69.54412435602141,0.0,0.0,0.0,0.0,0.0
423,558.21649828797,689.8012879575475,439.8012879575475,0.0,0.0,1.0,1.0
424,1177.9559465893356,1519.567890149056,1269.567890149056,0.0,0.0,1.0,1.0
425,268.9323386156957,336.6151229954258,86.61512299542579,0.0,0.0,1.0,1.0
426,76.50415362908382,102.47476558897371,0.0,0.0,0.0,0.0,0.0
427,470.4605809087097,578.4857458650578,328.48574586505777,0.0,0.0,1.0,1.0
428,361.0303807065365,443.1292805057582,193.12928050575817,0.0,0.0,1.0,1.0
429,50.76724537941916,65.32113831228469,0.0,0.0,0.0,0.0,0.0
430,1358.962202458802,1584.4990719362577,1334.4990719362577,0.0,0.0,1.0,1.0
431,4774.518137617158,5472.169000940309,5222.169000940309,0.0,0.0,1.0,1.0
432,175.23623390532504,237.30654282056975,0.0,0.0,0.0,0.0,0.0
433,1103.2884892532804,1268.5324665028147,1018.5324665028147,0.0,0.0,1.0,1.0
434,134.47826055473317,181.37501796310275,0.0,0.0,0.0,0.0,0.0
435,831.8446357687106,1034.4418681515533,784.4418681515533,0.0,0.0,1.0,1.0
436,93.59459397625193,129.09426032574785,0.0,0.0,0.0,0.0,0.0
437,112.75016442732311,132.9390950614234,0.0,0.0,0.0,0.0,0.0
438,487.44474356852203,609.0566727233969,359.0566727233969,0.0,0.0,1.0,1.0
439,1622.5015344381286,1959.654327290636,1709.654327290636,0.0,0.0,1.0,1.0
440,452.417038025652,591.589479925621,341.58947992562105,0.0,0.0,1.0,1.0
441,342.4124513618677,455.67019419835185,205.67019419835185,0.0,0.0,1.0,1.0
442,58.09191302478782,71.0914793307448,0.0,0.0,0.0,0.0,0.0
443,1681.42883139632,2043.9976972684171,1793.9976972684171,0.0,0.0,1.0,1.0
444,174.07450388766392,211.42990041651692,0.0,0.0,0.0,0.0,0.0
445,1295.8388794858474,1805.5816229803024,1555.5816229803024,0.0,0.0,1.0,1.0
446,604.4936671856063,733.5813078672385,483.5813078672385,0.0,0.0,1.0,1.0
447,117.47717761080789,147.35389247586463,0.0,0.0,0.0,0.0,0.0
448,284.4750774432599,375.71284803757123,125.71284803757123,0.0,0.0,1.0,1.0
449,298.7450779339176,357.9259231890969,107.92592318909692,0.0,0.0,1.0,1.0
450,989.8113291888975,1300.2228554012374,1050.2228554012374,0.0,0.0,1.0,1.0
451,520.9064889135286,582.9483445307994,332.94834453079943,0.0,0.0,1.0,1.0
452,585.2526424661335,723.085630792477,473.085630792477,0.0,0.0,1.0,1.0
453,10.042177144004821,12.979141222141896,0.0,0.0,0.0,0.0,0.0
454,557.1335165216368,732.0239772381979,482.02397723819786,0.0,0.0,1.0,1.0
455,5162.033856411056,5916.222829998561,5666.222829998561,0.0,0.0,1.0,1.0
456,208.357517688065,264.09945230804055,0.0,14.099452308040554,264.09945230804055,1.0,0.0
457,352.3128851587219,438.09424137288994,188.09424137288994,0.0,0.0,1.0,1.0
458,403.12388323789105,581.5922896581102,331.5922896581102,0.0,0.0,1.0,1.0
459,843.8748231509244,1088.9306835123796,838.9306835123796,0.0,0.0,1.0,1.0
460,601.2157214746873,808.8812321105983,558.8812321105983,0.0,0.0,1.0,1.0
461,1809.0841564666243,2171.949401244655,1921.9494012446548,0.0,0.0,1.0,1.0
462,677.4216458068147,959.6201142567045,709.6201142567045,0.0,0.0,1.0,1.0
463,1080.7487175290098,1364.8223014614198,1114.8223014614198,0.0,0.0,1.0,1.0
464,304.6967426867528,423.3119341852122,173.31193418521218,0.0,0.0,1.0,1.0
465,537.9729810981611,734.0379137778917,484.03791377789173,0.0,0.0,1.0,1.0
466,280.2539100424985,356.54482596155685,106.54482596155685,0.0,0.0,1.0,1.0
467,342.4999068198783,433.1933099663766,183.1933099663766,0.0,0.0,1.0,1.0
468,858340.9580634874,1100701.4423775154,1100451.4423775154,0.0,0.0,1.0,1.0
469,282.29534343749026,356.6574572616095,106.65745726160952,0.0,0.0,1.0,1.0
470,1926.7910089131085,2474.372055315315,2224.372055315315,0.0,0.0,1.0,1.0
471,356.7014563059997,423.90309346146665,173.90309346146665,0.0,0.0,1.0,1.0
472,336.963347577693,442.2543176752968,192.25431767529682,0.0,0.0,1.0,1.0
473,161.81474153870715,236.10873909276003,0.0,0.0,0.0,0.0,0.0
474,195.46701699842905,269.6136861583172,0.0,19.613686158317194,269.6136861583172,1.0,0.0
475,714.0430632880168,999.1545033483029,749.1545033483029,0.0,0.0,1.0,1.0
476,203.24042665004612,248.97446233372062,0.0,0.0,0.0,0.0,0.0
477,1076.146691211089,1341.5338892099396,1091.5338892099396,0.0,0.0,1.0,1.0
478,1518.6637446451284,1839.827669474959,1589.827669474959,0.0,0.0,1.0,1.0
479,351.8911952424311,518.8942363822694,268.89423638226936,0.0,0.0,1.0,1.0
480,1584.2523104602753,2080.033280532489,1830.0332805324888,0.0,0.0,1.0,1.0
481,837.3044240025872,1089.8974678957077,839.8974678957077,0.0,0.0,1.0,1.0
482,778.5284058698849,1094.5641784602103,844.5641784602103,0.0,0.0,1.0,1.0
483,659.7117059844849,807.6427477964202,557.6427477964202,0.0,0.0,1.0,1.0
484,2000.4902300234014,2384.8741323709974,2134.8741323709974,0.0,0.0,1.0,1.0
485,1030.2871898428866,1362.3138111374176,1112.3138111374176,0.0,0.0,1.0,1.0
486,169.77030078304054,212.84907247886537,0.0,0.0,0.0,0.0,0.0
487,1230.1251601935533,1466.6652240451347,1216.6652240451347,0.0,0.0,1.0,1.0
488,388.54567354392503,502.91625253277886,252.91625253277886,0.0,0.0,1.0,1.0
489,449.23629829290206,592.6252609962995,342.6252609962995,0.0,0.0,1.0,1.0
490,907921.6161004765,1279590.5310300705,1279340.5310300705,0.0,0.0,1.0,1.0
491,767.2381244662142,932.5885713724757,682.5885713724757,0.0,0.0,1.0,1.0
492,424.28898099185363,633.4631932879574,383.46319328795744,0.0,0.0,1.0,1.0
493,400.6657548813542,560.3619635386101,310.3619635386101,0.0,0.0,1.0,1.0
494,1203.181602377747,1592.2059367765148,1342.2059367765148,0.0,0.0,1.0,1.0
495,1251.9697830367409,1488.2361695506877,1238.2361695506877,0.0,0.0,1.0,1.0
496,167.35438860735,227.06146979727671,0.0,0.0,0.0,0.0,0.0
497,381.0504634397528,495.1064746545628,245.10647465456282,0.0,0.0,1.0,1.0
498,1711.3305539853025,2199.283459260048,1949.283459260048,0.0,0.0,1.0,1.0
499,72.01794275602379,97.63895068814537,0.0,0.0,0.0,0.0,0.0
500,649.7357225731597,847.1488063942255,597.1488063942255,0.0,0.0,1.0,1.0
501,119.7962266185219,155.1744872453037,0.0,0.0,0.0,0.0,0.0
502,2294.3646695651373,3043.3633160978547,2793.3633160978547,0.0,0.0,1.0,1.0
503,817.8286648947045,1052.6571495663861,802.6571495663861,0.0,0.0,1.0,1.0
504,689.4557518617878,861.6609737026215,611.6609737026215,0.0,0.0,1.0,1.0
505,414.74974518812536,552.2741267855713,302.2741267855713,0.0,0.0,1.0,1.0
506,1218.0569942880672,1571.2535683446633,1321.2535683446633,0.0,0.0,1.0,1.0
507,115.13032229163767,160.0174564497945,0.0,0.0,0.0,0.0,0.0
508,1268.459492637169,1565.811983508506,1315.811983508506,0.0,0.0,1.0,1.0
509,1915.226161989373,2559.2025037531157,2309.2025037531157,0.0,0.0,1.0,1.0
510,1157.4087079835356,1644.5201952668153,1394.5201952668153,0.0,0.0,1.0,1.0
511,324.14528781154786,396.1128129291222,146.11281292912219,0.0,0.0,1.0,1.0
512,701.3810732856898,976.5404926271193,726.5404926271193,0.0,0.0,1.0,1.0
513,201.6204233424029,261.9971782903898,0.0,11.997178290389797,261.9971782903898,1.0,0.0
514,512.5603435200343,702.7951165779328,452.79511657793284,0.0,0.0,1.0,1.0
515,368.01462244766526,483.9093422731103,233.90934227311033,0.0,0.0,1.0,1.0
516,1429.0575725143908,1633.474235175634,1383.474235175634,0.0,0.0,1.0,1.0
517,361.77314538901084,421.3916125326301,171.39161253263012,0.0,0.0,1.0,1.0
518,777.1747855866801,970.9494480280144,720.9494480280144,0.0,0.0,1.0,1.0
519,241.74613231370188,310.5485581489236,0.0,60.548558148923576,310.5485581489236,1.0,0.0
520,428.701463267762,545.2770134036699,295.2770134036699,0.0,0.0,1.0,1.0
521,222.79248095630635,289.40209527116974,0.0,39.40209527116974,289.40209527116974,1.0,0.0
522,1066.8038869313386,1343.947886444309,1093.947886444309,0.0,0.0,1.0,1.0
523,74.29317999220983,108.35208856390143,0.0,0.0,0.0,0.0,0.0
524,837.0907685423356,1061.166418406128,811.1664184061281,0.0,0.0,1.0,1.0
525,2195.2372312234415,2696.956979408183,2446.956979408183,0.0,0.0,1.0,1.0
526,139.80511167432599,176.1451637458024,0.0,0.0,0.0,0.0,0.0
527,708.7105740659872,939.0877315092935,689.0877315092935,0.0,0.0,1.0,1.0
528,2318.9558073279004,2907.1391030258596,2657.1391030258596,0.0,0.0,1.0,1.0
529,912803.0130951313,1293362.8331831396,1293112.8331831396,0.0,0.0,1.0,1.0
530,443.59877528984936,508.44065578026704,258.44065578026704,0.0,0.0,1.0,1.0
531,403.0632809351069,531.2092228817692,281.20922288176916,0.0,0.0,1.0,1.0
532,694.8261379074326,886.6374473310888,636.6374473310888,0.0,0.0,1.0,1.0
533,280.37878134920345,380.74340855600946,130.74340855600946,0.0,0.0,1.0,1.0
534,406.8174669560032,501.8384422934751,251.8384422934751,0.0,0.0,1.0,1.0
535,213.79311749051678,282.2273381527011,0.0,32.22733815270112,282.2273381527011,1.0,0.0
536,734.7508993149706,918.2505440320004,668.2505440320004,0.0,0.0,1.0,1.0
537,255.42105650322443,334.5314017936235,84.5314017936235,0.0,0.0,1.0,1.0
538,1288.9945644090753,1456.6740322081835,1206.6740322081835,0.0,0.0,1.0,1.0
539,4901.396737571069,5337.341493057424,5087.341493057424,0.0,0.0,1.0,1.0
540,357.46414932469065,426.7329209038677,176.7329209038677,0.0,0.0,1.0,1.0
541,2296.8058636102633,2895.691239824271,2645.691239824271,0.0,0.0,1.0,1.0
542,68.3460261667643,85.92077613464521,0.0,0.0,0.0,0.0,0.0
543,472.14062400568207,565.1674984457893,315.1674984457893,0.0,0.0,1.0,1.0
544,1399.8817877601448,1807.1641148840044,1557.1641148840044,0.0,0.0,1.0,1.0
545,430.2867283830769,557.5553509674945,307.5553509674945,0.0,0.0,1.0,1.0
546,236.976371086039,226.49633387371586,0.0,0.0,0.0,0.0,0.0
547,1008.3651397443903,1392.0419626606958,1142.0419626606958,0.0,0.0,1.0,1.0
548,131.95807880347954,156.53004202831627,0.0,0.0,0.0,0.0,0.0
549,1863.722296059276,2561.600487984893,2311.600487984893,0.0,0.0,1.0,1.0
550,29.09234783974771,36.07820311306788,0.0,0.0,0.0,0.0,0.0
551,331.98877877927725,440.53227311899605,190.53227311899605,0.0,0.0,1.0,1.0
552,663.9952276660463,858.400676910248,608.400676910248,0.0,0.0,1.0,1.0
553,77.82706825433885,97.36256969030183,0.0,0.0,0.0,0.0,0.0
554,1641.8427957126298,2050.0039111916726,1800.0039111916726,0.0,0.0,1.0,1.0
555,842299.8294927777,1057504.2410326332,1057254.2410326332,0.0,0.0,1.0,1.0
556,485.87821948306873,683.342760932535,433.34276093253504,0.0,0.0,1.0,1.0
557,1321.3378230854494,1612.950714114727,1362.950714114727,0.0,0.0,1.0,1.0
558,224.12022623918108,295.50430496044265,0.0,45.50430496044265,295.50430496044265,1.0,0.0
559,1080.074409786523,1384.9540208711226,1134.9540208711226,0.0,0.0,1.0,1.0
560,396.30022453536407,523.944974747231,273.94497474723096,0.0,0.0,1.0,1.0
561,57.255404910223525,69.25703362890697,0.0,0.0,0.0,0.0,0.0
562,94.49255398674585,134.2490110322854,0.0,0.0,0.0,0.0,0.0
563,297.94841236060273,425.3693307193375,175.36933071933748,0.0,0.0,1.0,1.0
564,1005.3546060539832,1342.4816649107397,1092.4816649107397,0.0,0.0,1.0,1.0
565,1866.974602230689,2545.750835422709,2295.750835422709,0.0,0.0,1.0,1.0
566,2033.1643716062106,2393.827998365067,2143.827998365067,0.0,0.0,1.0,1.0
567,670.7321095954277,955.0732000980124,705.0732000980124,0.0,0.0,1.0,1.0
568,1850.5126132641342,2223.1989533077112,1973.1989533077112,0.0,0.0,1.0,1.0
569,351.90166625438974,469.2911081757412,219.29110817574121,0.0,0.0,1.0,1.0
570,257.3464696696597,339.3179979695211,89.31799796952112,0.0,0.0,1.0,1.0
571,1928.859642570044,2448.3476483833124,2198.3476483833124,0.0,0.0,1.0,1.0
572,462.2994776015903,613.9694801352965,363.9694801352965,0.0,0.0,1.0,1.0
573,295.677407500491,412.55523451554967,162.55523451554967,0.0,0.0,1.0,1.0
574,460.5861111793462,595.1176547603461,345.1176547603461,0.0,0.0,1.0,1.0
575,842.3464402439434,971.0967338018208,721.0967338018208,0.0,0.0,1.0,1.0
576,732.5801472787157,857.8163520948345,607.8163520948345,0.0,0.0,1.0,1.0
577,859.0902345985761,1156.956992753242,906.956992753242,0.0,0.0,1.0,1.0
578,1280.2471730542109,1629.1841181701545,1379.1841181701545,0.0,0.0,1.0,1.0
579,862058.6439338609,1131045.4970905688,1130795.4970905688,0.0,0.0,1.0,1.0
580,1199.0456000064485,1394.201760911972,1144.201760911972,0.0,0.0,1.0,1.0
581,870.928409684724,1180.1394334740648,930.1394334740648,0.0,0.0,1.0,1.0
582,559.6675574708623,790.0568309149238,540.0568309149238,0.0,0.0,1.0,1.0
583,406.6040631944035,520.8543574024472,270.85435740244725,0.0,0.0,1.0,1.0
584,41.28265199756432,56.782692635284775,0.0,0.0,0.0,0.0,0.0
585,119.9665293383146,154.44711151724982,0.0,0.0,0.0,0.0,0.0
586,1449.8078727887664,1960.086064236958,1710.086064236958,0.0,0.0,1.0,1.0
587,1565.6156942394864,1832.304519106727,1582.304519106727,0.0,0.0,1.0,1.0
588,752.6121015725292,1036.6392747079267,786.6392747079267,0.0,0.0,1.0,1.0
589,125.18582270557859,173.79063442271098,0.0,0.0,0.0,0.0,0.0
590,1165.5937905639885,1498.7131503904147,1248.7131503904147,0.0,0.0,1.0,1.0
591,1973.834845290825,2554.06965458762,2304.06965458762,0.0,0.0,1.0,1.0
592,108.00641754495523,136.47439492215995,0.0,0.0,0.0,0.0,0.0
593,489.7231594979358,591.0710443752497,341.0710443752497,0.0,0.0,1.0,1.0
594,627.5681425834821,804.4670339959856,554.4670339959856,0.0,0.0,1.0,1.0
595,150.8445787966826,195.69905660008112,0.0,0.0,0.0,0.0,0.0
596,694.6358914023613,990.3993166244715,740.3993166244715,0.0,0.0,1.0,1.0
597,10.00323104362709,13.057881672087865,0.0,0.0,0.0,0.0,0.0
598,1970.7292564503484,2377.6117804131814,2127.6117804131814,0.0,0.0,1.0,1.0
599,1866.4763771238281,2491.456506993169,2241.456506993169,0.0,0.0,1.0,1.0
600,555.0836762458748,727.2288191176107,477.22881911761067,0.0,0.0,1.0,1.0
601,1272.4112192604987,1474.2927457831745,1224.2927457831745,0.0,0.0,1.0,1.0
602,518.9026506196021,729.2045669474356,479.20456694743564,0.0,0.0,1.0,1.0
603,50.690865810126205,66.96004092597701,0.0,0.0,0.0,0.0,0.0
604,123.66353213963673,167.91835809429455,0.0,0.0,0.0,0.0,0.0
605,423.3713697228082,583.9936111098945,333.99361110989446,0.0,0.0,1.0,1.0
606,233.80178709584172,270.3087909333517,0.0,20.308790933351702,270.3087909333517,1.0,0.0
607,1169.5168979937193,1432.5362618526804,1182.5362618526804,0.0,0.0,1.0,1.0
608,882.3762087032721,1077.0872589243488,827.0872589243488,0.0,0.0,1.0,1.0
609,179.7777523973892,255.3518748835896,0.0,5.351874883589602,255.3518748835896,1.0,0.0
610,1233.6024732120543,1631.8676796544414,1381.8676796544414,0.0,0.0,1.0,1.0
611,517.2851973218121,796.4726649715651,546.4726649715651,0.0,0.0,1.0,1.0
612,1056.1780011991357,1379.1585461161362,1129.1585461161362,0.0,0.0,1.0,1.0
613,164.81252575195714,223.11592545696928,0.0,0.0,0.0,0.0,0.0
614,1110.416529578206,1335.5064166136997,1085.5064166136997,0.0,0.0,1.0,1.0
615,1214.2298912491556,1556.3497655571307,1306.3497655571307,0.0,0.0,1.0,1.0
616,526.2343616303583,659.6123326398609,409.61233263986094,0.0,0.0,1.0,1.0
617,1247.6100470037084,1526.5272268851977,1276.5272268851977,0.0,0.0,1.0,1.0
618,502.8064249916655,734.284124857034,484.28412485703404,0.0,0.0,1.0,1.0
619,1504.6165369438274,1964.323863954084,1714.323863954084,0.0,0.0,1.0,1.0
620,1000.6259234499879,1276.6136600377822,1026.6136600377822,0.0,0.0,1.0,1.0
621,312.42492375215863,455.77168039089497,205.77168039089497,0.0,0.0,1.0,1.0
622,556.5891392967393,711.7334531857322,461.7334531857322,0.0,0.0,1.0,1.0
623,265.6855430931323,368.6809921352971,118.68099213529712,0.0,0.0,1.0,1.0
624,1043.4166731660634,1331.2248882577894,1081.2248882577894,0.0,0.0,1.0,1.0
625,10.165463245242817,13.623198672555521,0.0,0.0,0.0,0.0,0.0
626,2094.131803035913,2834.0565918825414,2584.0565918825414,0.0,0.0,1.0,1.0
627,252.41281408988522,324.6057662968325,74.60576629683248,0.0,0.0,1.0,1.0
628,282.8325022409037,414.91292812830386,164.91292812830386,0.0,0.0,1.0,1.0
629,1107.9509886800647,1542.826550810678,1292.826550810678,0.0,0.0,1.0,1.0
630,527.4705656208887,664.3567493535298,414.35674935352984,0.0,0.0,1.0,1.0
631,292.4217284506847,427.8003693343188,177.80036933431882,0.0,0.0,1.0,1.0
632,3833.654041166025,4872.241191655894,4622.241191655894,0.0,0.0,1.0,1.0
633,491.05562637214246,628.9530683082342,378.95306830823415,0.0,0.0,1.0,1.0
634,1226.1445223108144,1677.104098613721,1427.104098613721,0.0,0.0,1.0,1.0
635,128.30888884502264,160.09714201971164,0.0,0.0,0.0,0.0,0.0
636,1264.8621300278269,1683.64703850803,1433.64703850803,0.0,0.0,1.0,1.0
637,470.894039423249,629.8903990705617,379.89039907056167,0.0,0.0,1.0,1.0
638,39.58068225221999,50.32744292553426,0.0,0.0,0.0,0.0,0.0
639,919.3536626732903,1185.1633890768803,935.1633890768803,0.0,0.0,1.0,1.0
640,2680.1667659321024,3104.391884123144,2854.391884123144,0.0,0.0,1.0,1.0
641,287.0643670076923,380.27203031311325,130.27203031311325,0.0,0.0,1.0,1.0
642,105.98755494129878,152.4914433238865,0.0,0.0,0.0,0.0,0.0
643,370.6633709397799,518.0081845293156,268.0081845293156,0.0,0.0,1.0,1.0
644,529.0467846652615,719.3934074788139,469.39340747881386,0.0,0.0,1.0,1.0
645,158.21861659574847,199.46966004136502,0.0,0.0,0.0,0.0,0.0
646,325.25331812593373,478.7624947036899,228.76249470368992,0.0,0.0,1.0,1.0
647,1037.1900739862253,1293.26561324304,1043.26561324304,0.0,0.0,1.0,1.0
648,391.38378888346443,503.14998371382944,253.14998371382944,0.0,0.0,1.0,1.0
649,1678.362088562281,2004.9540129535258,1754.9540129535258,0.0,0.0,1.0,1.0
650,10.312659201676427,14.188945676202586,0.0,0.0,0.0,0.0,0.0
651,115.7520674897691,161.67317033738252,0.0,0.0,0.0,0.0,0.0
652,206.04447741156085,306.90553609128335,0.0,56.90553609128335,306.90553609128335,1.0,0.0
653,211.7202268431002,278.59661597977123,0.0,28.59661597977123,278.59661597977123,1.0,0.0
654,5742.739234294792,6082.010836797616,5832.010836797616,0.0,0.0,1.0,1.0
655,951.2375929096719,1306.9126666876975,1056.9126666876975,0.0,0.0,1.0,1.0
656,2019.5450889113285,2697.6464178075144,2447.6464178075144,0.0,0.0,1.0,1.0
657,75.0197194691176,111.70786160034278,0.0,0.0,0.0,0.0,0.0
658,176.3148942525493,243.70977892655878,0.0,0.0,0.0,0.0,0.0
659,1876.4538353495036,2459.136857514118,2209.136857514118,0.0,0.0,1.0,1.0
660,53.590740377514614,79.51230333625674,0.0,0.0,0.0,0.0,0.0
661,606.4778573811162,911.2078566366306,661.2078566366306,0.0,0.0,1.0,1.0
662,2153.61813368557,2555.362920504625,2305.362920504625,0.0,0.0,1.0,1.0
663,696.1357084921173,870.6836845750469,620.6836845750469,0.0,0.0,1.0,1.0
664,565.2413526225569,802.1992601254517,552.1992601254517,0.0,0.0,1.0,1.0
665,252.11168749445352,327.63896806830616,77.63896806830616,0.0,0.0,1.0,1.0
666,547.6391277203975,785.7922475308443,535.7922475308443,0.0,0.0,1.0,1.0
667,1158.5185979779558,1511.2229291698209,1261.2229291698209,0.0,0.0,1.0,1.0
668,491.98792431341514,657.937101213124,407.93710121312404,0.0,0.0,1.0,1.0
669,702.3308222461762,879.0827981332868,629.0827981332868,0.0,0.0,1.0,1.0
670,701.4612713666697,930.4817357713835,680.4817357713835,0.0,0.0,1.0,1.0
671,333.33872062578786,421.6982940387196,171.6982940387196,0.0,0.0,1.0,1.0
672,3369.3949659417917,3829.960121834137,3579.960121834137,0.0,0.0,1.0,1.0
673,103.85057148969491,141.37512759105266,0.0,0.0,0.0,0.0,0.0
674,851.677699923454,1118.3705479187263,868.3705479187263,0.0,0.0,1.0,1.0
675,936.7711414875714,1232.0340041385143,982.0340041385143,0.0,0.0,1.0,1.0
676,182.99758658476986,266.10877744148934,0.0,16.108777441489337,266.10877744148934,1.0,0.0
677,791.0066704759882,1027.9452321600781,777.9452321600781,0.0,0.0,1.0,1.0
678,1087.1599097239136,1328.3350469706936,1078.3350469706936,0.0,0.0,1.0,1.0
679,456.4746031659774,628.879964782722,378.879964782722,0.0,0.0,1.0,1.0
680,917.561288923367,1163.8995395983752,913.8995395983752,0.0,0.0,1.0,1.0
681,515.8617569854626,629.4500301409726,379.45003014097256,0.0,0.0,1.0,1.0
682,180.21517692124397,232.22540313684917,0.0,0.0,0.0,0.0,0.0
683,871504.1206297725,1158278.4918709537,1158028.4918709537,0.0,0.0,1.0,1.0
684,9.8962281516023,12.693705952840343,0.0,0.0,0.0,0.0,0.0
685,400.22532685902166,503.5804570496229,253.5804570496229,0.0,0.0,1.0,1.0
686,223.13578024738322,313.2729263569939,0.0,63.27292635699388,313.2729263569939,1.0,0.0
687,504.2517146982587,600.9247307106051,350.9247307106051,0.0,0.0,1.0,1.0
688,1108.8637664903501,1412.3238838906807,1162.3238838906807,0.0,0.0,1.0,1.0
689,226.41289734115787,322.05773421648723,0.0,72.05773421648723,322.05773421648723,1.0,0.0
690,1704.8031488464699,2073.565946569813,1823.5659465698131,0.0,0.0,1.0,1.0
691,1698.453066825189,2251.3949020717278,2001.3949020717278,0.0,0.0,1.0,1.0
692,299.3801797932831,400.536995806792,150.536995806792,0.0,0.0,1.0,1.0
693,2525.768579898097,3028.6301918637223,2778.6301918637223,0.0,0.0,1.0,1.0
694,305.3251764016207,403.40148129023925,153.40148129023925,0.0,0.0,1.0,1.0
695,1589.0194461623034,1912.196584145048,1662.196584145048,0.0,0.0,1.0,1.0
696,666.2806618137661,711.6745702638308,461.6745702638308,0.0,0.0,1.0,1.0
697,776.0423474055677,900.9030367544731,650.9030367544731,0.0,0.0,1.0,1.0
698,624.4217594331916,745.8465669304063,495.8465669304063,0.0,0.0,1.0,1.0
699,331.95822154891704,387.7494668444831,137.7494668444831,0.0,0.0,1.0,1.0
700,1542.5343422341734,1812.246377343981,1562.246377343981,0.0,0.0,1.0,1.0
701,90.17484903227358,115.86381624513695,0.0,0.0,0.0,0.0,0.0
702,247.7663860299401,311.6029729416442,0.0,61.602972941644225,311.6029729416442,1.0,0.0
703,1039.034842655137,1367.174148689954,1117.174148689954,0.0,0.0,1.0,1.0
704,121.50286898649395,158.7522076478876,0.0,0.0,0.0,0.0,0.0
705,173.52261758868633,258.44050538040824,0.0,8.44050538040824,258.44050538040824,1.0,0.0
706,905.4221854304634,1239.4499203210767,989.4499203210767,0.0,0.0,1.0,1.0
707,670.3227184937849,880.622049400145,630.622049400145,0.0,0.0,1.0,1.0
708,1695.837133456178,1940.9110920701946,1690.9110920701946,0.0,0.0,1.0,1.0
709,1983.6183286333567,2676.205016084618,2426.205016084618,0.0,0.0,1.0,1.0
710,124.78474631261075,168.4998041189777,0.0,0.0,0.0,0.0,0.0
711,1491.0741408798006,2012.9278034901765,1762.9278034901765,0.0,0.0,1.0,1.0
712,266.78459914074836,348.5572411426242,98.5572411426242,0.0,0.0,1.0,1.0
713,62.629761036146775,86.0720997288729,0.0,0.0,0.0,0.0,0.0
714,95.21796344011076,113.2869763026303,0.0,0.0,0.0,0.0,0.0
715,974.0032446483086,1196.701591239147,946.7015912391471,0.0,0.0,1.0,1.0
716,67.52500595667017,82.98725671396545,0.0,0.0,0.0,0.0,0.0
717,924.0736415609736,1131.192189553005,881.1921895530049,0.0,0.0,1.0,1.0
718,679.1203505015586,758.719744732957,508.719744732957,0.0,0.0,1.0,1.0
719,9.91221740268185,12.730777163022694,0.0,0.0,0.0,0.0,0.0
720,1671.9503894565728,2072.710691041744,1822.7106910417442,0.0,0.0,1.0,1.0
721,136.43180456248945,191.78482332929602,0.0,0.0,0.0,0.0,0.0
722,234.14891658231986,338.050157423812,0.0,88.05015742381198,338.050157423812,1.0,0.0
723,1133.1123764199313,1338.4641124309856,1088.4641124309856,0.0,0.0,1.0,1.0
724,900.8913525028881,1127.856462352151,877.8564623521511,0.0,0.0,1.0,1.0
725,1741.008853639928,2251.3285706501324,2001.3285706501324,0.0,0.0,1.0,1.0
726,457.15648665301825,556.7841118022496,306.78411180224964,0.0,0.0,1.0,1.0
727,294.84104263401474,339.83514706640045,89.83514706640045,0.0,0.0,1.0,1.0
728,193.48524980473263,248.84972489008047,0.0,0.0,0.0,0.0,0.0
729,1228.9283080867913,1710.489616095245,1460.489616095245,0.0,0.0,1.0,1.0
730,383.07262552937107,488.60395563476084,238.60395563476084,0.0,0.0,1.0,1.0
731,389.45087426728315,486.1351754947984,236.13517549479837,0.0,0.0,1.0,1.0
732,1193.3223328217136,1441.6241636094292,1191.6241636094292,0.0,0.0,1.0,1.0
733,431.0747411755408,564.7385327823995,314.7385327823995,0.0,0.0,1.0,1.0
734,538.4383587265272,612.7352177628715,362.73521776287146,0.0,0.0,1.0,1.0
735,2473.8335874635113,2938.548277008932,2688.548277008932,0.0,0.0,1.0,1.0
736,284.30675718732385,340.6874838467142,90.6874838467142,0.0,0.0,1.0,1.0
737,881.8322950937463,1153.6505919936649,903.6505919936649,0.0,0.0,1.0,1.0
738,122.10633426609004,160.05975564210638,0.0,0.0,0.0,0.0,0.0
739,221.54661693280792,288.2063347752383,0.0,38.206334775238304,288.2063347752383,1.0,0.0
740,338.0458287705683,447.80615692756123,197.80615692756123,0.0,0.0,1.0,1.0
741,70.6023795019103,93.8466117351166,0.0,0.0,0.0,0.0,0.0
742,455.05033477225766,607.3220960341866,357.32209603418664,0.0,0.0,1.0,1.0
743,945.103016228769,1173.7694768341762,923.7694768341762,0.0,0.0,1.0,1.0
744,396.87136648174607,544.8323388916049,294.8323388916049,0.0,0.0,1.0,1.0
745,1068.4454119256482,1253.5527089625505,1003.5527089625505,0.0,0.0,1.0,1.0
746,1200.450116600242,1464.3730764186273,1214.3730764186273,0.0,0.0,1.0,1.0
747,2768.4958784584924,3269.134148383855,3019.134148383855,0.0,0.0,1.0,1.0
748,419.94689136755215,492.98697367908153,242.98697367908153,0.0,0.0,1.0,1.0
749,1093.3312103601095,1383.6721314999006,1133.6721314999006,0.0,0.0,1.0,1.0
750,145.4995533163713,176.22139045725928,0.0,0.0,0.0,0.0,0.0
751,324.94105366198414,427.280241092876,177.280241092876,0.0,0.0,1.0,1.0
752,128.4836361264358,164.00701950043464,0.0,0.0,0.0,0.0,0.0
753,611.7264745559348,856.2634166712986,606.2634166712986,0.0,0.0,1.0,1.0
754,105.74431984772819,126.79004490672864,0.0,0.0,0.0,0.0,0.0
755,400.04421541328253,542.9936669791261,292.99366697912615,0.0,0.0,1.0,1.0
756,1064.2937784724672,1335.616976477428,1085.616976477428,0.0,0.0,1.0,1.0
757,2856.5130747326793,3357.0884791067506,3107.0884791067506,0.0,0.0,1.0,1.0
758,258.04480483555324,344.0805754128279,94.0805754128279,0.0,0.0,1.0,1.0
759,368.3454448823662,510.53004688124486,260.53004688124486,0.0,0.0,1.0,1.0
760,563.4868566690682,697.6523996750933,447.6523996750933,0.0,0.0,1.0,1.0
761,221.59363494442988,345.4180724462594,0.0,95.41807244625937,345.4180724462594,1.0,0.0
762,499.1959758431633,707.7066239834246,457.7066239834246,0.0,0.0,1.0,1.0
763,353.16713011196435,456.0966710308858,206.09667103088577,0.0,0.0,1.0,1.0
764,1636.4626135087203,2117.923685590627,1867.923685590627,0.0,0.0,1.0,1.0
765,485.5906046311181,594.433869851181,344.43386985118104,0.0,0.0,1.0,1.0
766,476.9485467907722,653.6156565641894,403.6156565641894,0.0,0.0,1.0,1.0
767,478.93567997934326,644.5628322651338,394.5628322651338,0.0,0.0,1.0,1.0
768,2224.7736935603425,2810.619339038373,2560.619339038373,0.0,0.0,1.0,1.0
769,153.89587405161666,204.11523529723942,0.0,0.0,0.0,0.0,0.0
770,708.2175102613427,940.0380162433039,690.0380162433039,0.0,0.0,1.0,1.0
771,514.612365610031,687.2254604410585,437.22546044105854,0.0,0.0,1.0,1.0
772,321.78310745946874,417.302183116371,167.302183116371,0.0,0.0,1.0,1.0
773,923.7492753346203,1247.025771865952,997.025771865952,0.0,0.0,1.0,1.0
774,299.48477922089035,447.60753771093505,197.60753771093505,0.0,0.0,1.0,1.0
775,1057.7898427678908,1538.6197608984892,1288.6197608984892,0.0,0.0,1.0,1.0
776,550.6251214614239,788.1633321691183,538.1633321691183,0.0,0.0,1.0,1.0
777,1792.6865155022285,2373.50983887003,2123.50983887003,0.0,0.0,1.0,1.0
778,945.9284898404229,1186.8042679012833,936.8042679012833,0.0,0.0,1.0,1.0
779,377.724962550558,479.01715763824365,229.01715763824365,0.0,0.0,1.0,1.0
780,1087.5230329170652,1356.1820149794141,1106.1820149794141,0.0,0.0,1.0,1.0
781,569.9659603662559,776.1397396482363,526.1397396482363,0.0,0.0,1.0,1.0
782,467.1723201438475,637.8717197446812,387.8717197446812,0.0,0.0,1.0,1.0
783,1452.2502292171073,1927.1813103682355,1677.1813103682355,0.0,0.0,1.0,1.0
784,359.75562012345966,517.8553477703281,267.8553477703281,0.0,0.0,1.0,1.0
785,951.3572149509612,1324.339999177996,1074.339999177996,0.0,0.0,1.0,1.0
786,159.8170095240949,207.36482081735437,0.0,0.0,0.0,0.0,0.0
787,2003.808307339189,2518.70848171714,2268.70848171714,0.0,0.0,1.0,1.0
788,672.16490445656,945.0491425554128,695.0491425554128,0.0,0.0,1.0,1.0
789,61.47881132767593,86.02508204642201,0.0,0.0,0.0,0.0,0.0
790,173.13865758469535,237.71203564002565,0.0,0.0,0.0,0.0,0.0
791,332.39758377174564,443.31779034292646,193.31779034292646,0.0,0.0,1.0,1.0
792,747.9600159018349,943.2999215639654,693.2999215639654,0.0,0.0,1.0,1.0
793,31.341903602751817,44.48510712755215,0.0,0.0,0.0,0.0,0.0
794,1461.3866195011299,1905.306277984186,1655.306277984186,0.0,0.0,1.0,1.0
795,189.9272578602395,248.68784439994243,0.0,0.0,0.0,0.0,0.0
796,1254.7601217316487,1499.7928857443496,1249.7928857443496,0.0,0.0,1.0,1.0
797,292.0266977296547,438.70873395971194,188.70873395971194,0.0,0.0,1.0,1.0
798,358.3983485004101,477.8111335454814,227.81113354548143,0.0,0.0,1.0,1.0
799,70.15940216171141,92.81480793964386,0.0,0.0,0.0,0.0,0.0
800,1456.6789742552223,1734.8248007662144,1484.8248007662144,0.0,0.0,1.0,1.0
801,277.98543951979997,357.33519828274916,107.33519828274916,0.0,0.0,1.0,1.0
802,382.7975054362562,558.2996673464482,308.29966734644825,0.0,0.0,1.0,1.0
803,566.4854612555416,789.910213539061,539.910213539061,0.0,0.0,1.0,1.0
804,239.6618371477845,315.0131321099449,0.0,65.01313210994488,315.0131321099449,1.0,0.0
805,1605.1982034973532,2121.9696529271555,1871.9696529271555,0.0,0.0,1.0,1.0
806,70.55292325958537,92.67681080558656,0.0,0.0,0.0,0.0,0.0
807,429.18155078265744,554.3909048948849,304.3909048948849,0.0,0.0,1.0,1.0
808,369.0935063484083,473.3437127801523,223.34371278015232,0.0,0.0,1.0,1.0
809,136.86169809572738,201.0037819634668,0.0,0.0,0.0,0.0,0.0
810,170.3051868949157,232.07240659085636,0.0,0.0,0.0,0.0,0.0
811,1575.5768995548995,1916.4285840366538,1666.4285840366538,0.0,0.0,1.0,1.0
812,1054.6417033999394,1314.7783641093588,1064.7783641093588,0.0,0.0,1.0,1.0
813,1741.7376985767974,2194.6861666103405,1944.6861666103405,0.0,0.0,1.0,1.0
814,108.95145123333043,143.62207027297333,0.0,0.0,0.0,0.0,0.0
815,944.7405506262843,1140.1966839279776,890.1966839279776,0.0,0.0,1.0,1.0
816,162.41132088112204,220.36230317170214,0.0,0.0,0.0,0.0,0.0
817,495.58338244277365,747.6204136128675,497.62041361286754,0.0,0.0,1.0,1.0
818,1377.3156118724605,1774.681035212402,1524.681035212402,0.0,0.0,1.0,1.0
819,746.0341502784063,1183.5497346427696,933.5497346427696,0.0,0.0,1.0,1.0
820,739.9733609590055,957.3780606179876,707.3780606179876,0.0,0.0,1.0,1.0
821,1012.7920033466171,1466.3597936895526,1216.3597936895526,0.0,0.0,1.0,1.0
822,847.8836219165804,1048.689138576779,798.689138576779,0.0,0.0,1.0,1.0
823,1252.8828352160306,1400.665854998761,1150.665854998761,0.0,0.0,1.0,1.0
824,862.1782153534205,1100.4848762882636,850.4848762882636,0.0,0.0,1.0,1.0
825,1355.3607695060768,1747.321001979387,1497.321001979387,0.0,0.0,1.0,1.0
826,79.39036141469654,105.01430163520395,0.0,0.0,0.0,0.0,0.0
827,236.8135131474126,286.94404591104734,0.0,36.94404591104734,286.94404591104734,1.0,0.0
828,357.1729758957849,466.6355576294914,216.63555762949142,0.0,0.0,1.0,1.0
829,1003.657669412207,1107.1455802435094,857.1455802435094,0.0,0.0,1.0,1.0
830,233.70373682114146,309.043831821034,0.0,59.04383182103402,309.043831821034,1.0,0.0
831,385.4866312221853,510.4946962287876,260.4946962287876,0.0,0.0,1.0,1.0
832,366.71147623564883,452.40788142151314,202.40788142151314,0.0,0.0,1.0,1.0
833,1282.8681510876584,1660.1069385552917,1410.1069385552917,0.0,0.0,1.0,1.0
834,801.61134026372,1021.0834341491661,771.0834341491661,0.0,0.0,1.0,1.0
835,1240.877071768359,1451.2119942090837,1201.2119942090837,0.0,0.0,1.0,1.0
836,410.1490403489001,505.97349903563867,255.97349903563867,0.0,0.0,1.0,1.0
837,40.17778670617482,53.72697295518498,0.0,0.0,0.0,0.0,0.0
838,1285.192340253652,1567.0784185940072,1317.0784185940072,0.0,0.0,1.0,1.0
839,1807.0639971173543,2237.334276497004,1987.3342764970039,0.0,0.0,1.0,1.0
840,376.09396331579484,430.1264894473843,180.1264894473843,0.0,0.0,1.0,1.0
841,268.89838536861834,359.6853583157871,109.68535831578708,0.0,0.0,1.0,1.0
842,37.98100569904991,45.51034734634853,0.0,0.0,0.0,0.0,0.0
843,211.66933017240464,295.8194791210612,0.0,45.81947912106119,295.8194791210612,1.0,0.0
844,899.14292411983,1194.445826904892,944.4458269048921,0.0,0.0,1.0,1.0
845,169.54666401043562,233.33377083415368,0.0,0.0,0.0,0.0,0.0
846,678.4451200896323,768.9181321880116,518.9181321880116,0.0,0.0,1.0,1.0
847,556.8933600779651,682.6525349164128,432.65253491641283,0.0,0.0,1.0,1.0
848,364.0566836256405,535.2602703064365,285.2602703064365,0.0,0.0,1.0,1.0
849,811.3464015675657,1064.7095457774058,814.7095457774058,0.0,0.0,1.0,1.0
850,1442.829572777195,1605.9097478721696,1355.9097478721696,0.0,0.0,1.0,1.0
851,787.3676828608952,1066.6257082394702,816.6257082394702,0.0,0.0,1.0,1.0
852,305.25631683636294,390.82691410633004,140.82691410633004,0.0,0.0,1.0,1.0
853,229.7959412042107,305.8530974275095,0.0,55.85309742750951,305.8530974275095,1.0,0.0
854,1707.373665293471,2281.8793909722417,2031.8793909722417,0.0,0.0,1.0,1.0
855,93.80110205872575,133.56524216862465,0.0,0.0,0.0,0.0,0.0
856,173.78291617387947,216.7781468358821,0.0,0.0,0.0,0.0,0.0
857,901.7467364724729,1254.7662665684506,1004.7662665684506,0.0,0.0,1.0,1.0
858,2173.881537948725,2812.2539277813194,2562.2539277813194,0.0,0.0,1.0,1.0
859,229.46903993282817,325.16383823394654,0.0,75.16383823394654,325.16383823394654,1.0,0.0
860,257.49483277196157,340.4023555843006,90.40235558430061,0.0,0.0,1.0,1.0
861,1100.5943209333038,1348.0453342653152,1098.0453342653152,0.0,0.0,1.0,1.0
862,180.28791980793326,235.02898037899732,0.0,0.0,0.0,0.0,0.0
863,967.359838306832,1249.4683113568694,999.4683113568694,0.0,0.0,1.0,1.0
864,258.24258688830076,359.19282189064734,109.19282189064734,0.0,0.0,1.0,1.0
865,281.9713767722423,347.46128058785297,97.46128058785297,0.0,0.0,1.0,1.0
866,1044.3960472681363,1322.1786392967047,1072.1786392967047,0.0,0.0,1.0,1.0
867,116.20929505328724,172.70140319890098,0.0,0.0,0.0,0.0,0.0
868,620.2496250540177,810.0843550134927,560.0843550134927,0.0,0.0,1.0,1.0
869,1642.2923953701636,1935.014752985151,1685.014752985151,0.0,0.0,1.0,1.0
870,139.18995159901417,165.1756808541565,0.0,0.0,0.0,0.0,0.0
871,1643.8723818257047,2280.8343198846865,2030.8343198846865,0.0,0.0,1.0,1.0
872,272.40121672543467,362.6551190113215,112.65511901132152,0.0,0.0,1.0,1.0
873,47.71761858543982,59.23482818345738,0.0,0.0,0.0,0.0,0.0
874,1054.342028554063,1352.7618224088976,1102.7618224088976,0.0,0.0,1.0,1.0
875,276.295976143816,353.9639538279305,103.96395382793048,0.0,0.0,1.0,1.0
876,636.902108145978,885.1280780328914,635.1280780328914,0.0,0.0,1.0,1.0
877,417.4141471857938,474.05147566957135,224.05147566957135,0.0,0.0,1.0,1.0
878,310.87535245493086,431.36234293018686,181.36234293018686,0.0,0.0,1.0,1.0
879,827.0458654511535,1107.8063890980634,857.8063890980634,0.0,0.0,1.0,1.0
880,153.38173166057774,189.98539487276915,0.0,0.0,0.0,0.0,0.0
881,421.55203964122086,510.78926228099914,260.78926228099914,0.0,0.0,1.0,1.0
882,1345.4031177333663,1711.2812510948156,1461.2812510948156,0.0,0.0,1.0,1.0
883,626.4134804180986,907.3466134460946,657.3466134460946,0.0,0.0,1.0,1.0
884,1083.059860718502,1251.446273704952,1001.4462737049521,0.0,0.0,1.0,1.0
885,191.22210044393722,248.726910942675,0.0,0.0,0.0,0.0,0.0
886,649.6628249938282,829.6890835892605,579.6890835892605,0.0,0.0,1.0,1.0
887,505.01273700393415,615.9758063656362,365.97580636563623,0.0,0.0,1.0,1.0
888,922.7091599269557,1272.539485716484,1022.539485716484,0.0,0.0,1.0,1.0
889,1441.9992896032911,1826.898664886336,1576.898664886336,0.0,0.0,1.0,1.0
890,345.9359730169941,422.7143190952974,172.7143190952974,0.0,0.0,1.0,1.0
891,432.96407203716643,562.9473303859331,312.9473303859331,0.0,0.0,1.0,1.0
892,562.1493195871915,797.6365877407773,547.6365877407773,0.0,0.0,1.0,1.0
893,49.46346974369018,65.44348431581456,0.0,0.0,0.0,0.0,0.0
894,77.97863775218778,100.6955545430058,0.0,0.0,0.0,0.0,0.0
895,83.53133353133353,100.12482227844046,0.0,0.0,0.0,0.0,0.0
896,3348.927605267012,3912.882003395586,3662.882003395586,0.0,0.0,1.0,1.0
897,9.662573278540101,12.152779887635397,0.0,0.0,0.0,0.0,0.0
898,2182.8408404444876,2386.719625939979,2136.719625939979,0.0,0.0,1.0,1.0
899,388.330068294996,510.3918466245638,260.3918466245638,0.0,0.0,1.0,1.0
900,1099.363798169999,1483.4022126427403,1233.4022126427403,0.0,0.0,1.0,1.0
901,1292.554989209285,1664.7494756721426,1414.7494756721426,0.0,0.0,1.0,1.0
902,621.6093465983432,772.2238552404108,522.2238552404108,0.0,0.0,1.0,1.0
903,49.03787685608364,62.435847167035874,0.0,0.0,0.0,0.0,0.0
904,1076.0810848619064,1398.3334661750125,1148.3334661750125,0.0,0.0,1.0,1.0
905,370.73042131452775,477.2529321227018,227.2529321227018,0.0,0.0,1.0,1.0
906,746.1525850508856,1006.6295773290007,756.6295773290007,0.0,0.0,1.0,1.0
907,445.7081847217312,574.5032831556944,324.50328315569436,0.0,0.0,1.0,1.0
908,260.5829240009902,344.78871745227667,94.78871745227667,0.0,0.0,1.0,1.0
909,828.8940329738089,1046.3107338721409,796.3107338721409,0.0,0.0,1.0,1.0
910,1042.126981168565,1264.0242887128707,1014.0242887128707,0.0,0.0,1.0,1.0
911,448.13352387306867,574.1472955748554,324.14729557485543,0.0,0.0,1.0,1.0
912,454.0115871652899,564.6811576945787,314.6811576945787,0.0,0.0,1.0,1.0
913,148.5238217357682,191.42639463699814,0.0,0.0,0.0,0.0,0.0
914,765.1791095621184,1052.5693506223856,802.5693506223856,0.0,0.0,1.0,1.0
915,2158.1204732605606,2624.3379511077887,2374.3379511077887,0.0,0.0,1.0,1.0
916,134.56442530639285,186.91131920571317,0.0,0.0,0.0,0.0,0.0
917,234.857821548317,381.1356026026117,0.0,131.1356026026117,381.1356026026117,1.0,0.0
918,511.8140255844342,706.621039136711,456.62103913671103,0.0,0.0,1.0,1.0
919,529.9268389240615,696.2752007252183,446.27520072521827,0.0,0.0,1.0,1.0
920,232.16032569983147,321.84728638849305,0.0,71.84728638849305,321.84728638849305,1.0,0.0
921,481.09908130992824,692.5885497045206,442.5885497045206,0.0,0.0,1.0,1.0
922,520.490518939891,762.66137040715,512.66137040715,0.0,0.0,1.0,1.0
923,737.1078239188283,1006.2665614704908,756.2665614704908,0.0,0.0,1.0,1.0
924,303.76363139295876,393.8336157995544,143.83361579955442,0.0,0.0,1.0,1.0
925,2548.3983316485587,2924.268750045692,2674.268750045692,0.0,0.0,1.0,1.0
926,733.5488569736917,995.3078344945259,745.3078344945259,0.0,0.0,1.0,1.0
927,104.37591269619114,127.69108971575965,0.0,0.0,0.0,0.0,0.0
928,1774.502655301246,2252.181544941941,2002.181544941941,0.0,0.0,1.0,1.0
929,82.33375014794345,116.3360541427996,0.0,0.0,0.0,0.0,0.0
930,565.7107808595231,711.7224432307704,461.7224432307704,0.0,0.0,1.0,1.0
931,1854.3052275768698,2427.070905560624,2177.070905560624,0.0,0.0,1.0,1.0
932,518.1347150259068,657.0875101564247,407.08751015642474,0.0,0.0,1.0,1.0
933,83.56164812816685,120.06099098341957,0.0,0.0,0.0,0.0,0.0
934,2090.9674825675697,2940.060929107984,2690.060929107984,0.0,0.0,1.0,1.0
935,188.57803778265756,274.961963595036,0.0,24.961963595036025,274.961963595036,1.0,0.0
936,1290.3437453867475,1776.6803179956637,1526.6803179956637,0.0,0.0,1.0,1.0
937,714.1075570173487,950.1017572751632,700.1017572751632,0.0,0.0,1.0,1.0
938,288.8569928791771,374.70023980815347,124.70023980815347,0.0,0.0,1.0,1.0
939,962.7023053711769,1182.2791139310657,932.2791139310657,0.0,0.0,1.0,1.0
940,177.6393816059645,254.42246101349937,0.0,4.4224610134993725,254.42246101349937,1.0,0.0
941,1673.116972891102,2288.811925914772,2038.811925914772,0.0,0.0,1.0,1.0
942,1425.7877477306213,1930.6232770309707,1680.6232770309707,0.0,0.0,1.0,1.0
943,1306.3329978670197,1662.0240794048625,1412.0240794048625,0.0,0.0,1.0,1.0
944,754.0917796233311,1122.717107484478,872.717107484478,0.0,0.0,1.0,1.0
945,180.55430170623814,242.49119285459284,0.0,0.0,0.0,0.0,0.0
946,978.4486492822163,1256.620162994107,1006.620162994107,0.0,0.0,1.0,1.0
947,198.93788112309855,285.07725593635877,0.0,35.07725593635877,285.07725593635877,1.0,0.0
948,436.6874313232847,585.3876355240444,335.3876355240444,0.0,0.0,1.0,1.0
949,517.5584339315535,727.0968211030207,477.0968211030207,0.0,0.0,1.0,1.0
950,70.44237813468581,95.56457503116087,0.0,0.0,0.0,0.0,0.0
951,721.7965830777407,978.4916197156134,728.4916197156134,0.0,0.0,1.0,1.0
952,157.25016634119157,201.696774112219,0.0,0.0,0.0,0.0,0.0
953,225.808636857776,345.5757662525517,0.0,95.57576625255172,345.5757662525517,1.0,0.0
954,936.1055927108578,1244.8959267005278,994.8959267005278,0.0,0.0,1.0,1.0
955,1453.7416090811134,2018.7326057677194,1768.7326057677194,0.0,0.0,1.0,1.0
956,864.6396139911343,1146.9734587544147,896.9734587544147,0.0,0.0,1.0,1.0
957,397.3076801612051,517.1275289525117,267.12752895251174,0.0,0.0,1.0,1.0
958,1176.1564478803755,1551.5057992770821,1301.5057992770821,0.0,0.0,1.0,1.0
959,63.216586346481684,94.20002590500712,0.0,0.0,0.0,0.0,0.0
960,299.70660863775856,378.9055178792658,128.9055178792658,0.0,0.0,1.0,1.0
961,203.37289097469846,256.015760817885,0.0,6.0157608178849955,256.015760817885,1.0,0.0
962,455.7951242352483,634.6440656452744,384.6440656452744,0.0,0.0,1.0,1.0
963,763.5507348921307,984.5168319561038,734.5168319561038,0.0,0.0,1.0,1.0
964,10.104766216128823,14.021666278733898,0.0,0.0,0.0,0.0,0.0
965,1561.7662732352305,1942.721227379768,1692.721227379768,0.0,0.0,1.0,1.0
966,215.67350728257543,293.71656351620686,0.0,43.71656351620686,293.71656351620686,1.0,0.0
967,2628.584394970642,3363.9152523367716,3113.9152523367716,0.0,0.0,1.0,1.0
968,222.95459428344418,303.4934859261793,0.0,53.49348592617929,303.4934859261793,1.0,0.0
969,1108.302018573469,1461.7967688775195,1211.7967688775195,0.0,0.0,1.0,1.0
970,420.1780261975612,612.2895941383475,362.2895941383475,0.0,0.0,1.0,1.0
971,358.07188819731874,510.0854393110846,260.0854393110846,0.0,0.0,1.0,1.0
972,462.6253769846077,702.5091284370677,452.5091284370677,0.0,0.0,1.0,1.0
973,505.33177663072144,692.2511140916367,442.25111409163674,0.0,0.0,1.0,1.0
974,227.23047367225104,307.657884432511,0.0,57.657884432511025,307.657884432511,1.0,0.0
975,330.1992805916319,479.2952195713245,229.29521957132448,0.0,0.0,1.0,1.0
976,138.03560469151165,207.32660319282968,0.0,0.0,0.0,0.0,0.0
977,462.57085869671766,723.733638450245,473.73363845024505,0.0,0.0,1.0,1.0
978,675.8365891492826,948.2025541265626,698.2025541265626,0.0,0.0,1.0,1.0
979,824.7890344297871,1074.640499170512,824.6404991705119,0.0,0.0,1.0,1.0
980,548.8397420237981,791.2497090993717,541.2497090993717,0.0,0.0,1.0,1.0
981,1439.8816195788456,1986.6679299837094,1736.6679299837094,0.0,0.0,1.0,1.0
982,389.34386337718917,518.7522098161569,268.7522098161569,0.0,0.0,1.0,1.0
983,157.90520845066564,225.0684207999232,0.0,0.0,0.0,0.0,0.0
984,3884.758755244116,5103.944097182997,4853.944097182997,0.0,0.0,1.0,1.0
985,196.36943912754091,277.7440749148861,0.0,27.744074914886085,277.7440749148861,1.0,0.0
986,905.4524515379466,1153.6492258235953,903.6492258235953,0.0,0.0,1.0,1.0
987,2396.385549210654,3269.506192923194,3019.506192923194,0.0,0.0,1.0,1.0
988,149.02241297091084,219.84424035570797,0.0,0.0,0.0,0.0,0.0
989,290.31664944479627,438.49285134848736,188.49285134848736,0.0,0.0,1.0,1.0
990,1416.4855838491264,1790.3701955084255,1540.3701955084255,0.0,0.0,1.0,1.0
991,559.2460143553367,731.5279224207989,481.52792242079886,0.0,0.0,1.0,1.0
992,189.12314942998285,227.55121893499202,0.0,0.0,0.0,0.0,0.0
993,715.0408850163183,940.5782944090681,690.5782944090681,0.0,0.0,1.0,1.0
994,1733.400730935947,2293.2725739395464,2043.2725739395464,0.0,0.0,1.0,1.0
995,812.8115563283554,1007.3100104938752,757.3100104938752,0.0,0.0,1.0,1.0
996,581.1557034513114,785.2535205532838,535.2535205532838,0.0,0.0,1.0,1.0
997,103.40748339275818,137.98527697094718,0.0,0.0,0.0,0.0,0.0
998,729.3421869754502,1054.9750606998518,804.9750606998518,0.0,0.0,1.0,1.0
999,123.02266692638118,172.56230577752982,0.0,0.0,0.0,0.0,0.0
1000,440.1985085655293,632.4748741826768,382.4748741826768,0.0,0.0,1.0,1.0
1001,330.0493423766853,452.54180001329337,202.54180001329337,0.0,0.0,1.0,1.0
1002,200.24408700289405,288.53980634423107,0.0,38.53980634423107,288.53980634423107,1.0,0.0
1003,1789.903592865602,2207.6863585810274,1957.6863585810274,0.0,0.0,1.0,1.0
1004,98.57062733304355,126.08734574789338,0.0,0.0,0.0,0.0,0.0
1005,344.7936663431691,450.8763577677377,200.87635776773772,0.0,0.0,1.0,1.0
1006,463.51690758766404,685.8141730675989,435.81417306759886,0.0,0.0,1.0,1.0
1007,776.84652102233,1096.4077418568884,846.4077418568884,0.0,0.0,1.0,1.0
1008,976.6403571713305,1174.8401977567746,924.8401977567746,0.0,0.0,1.0,1.0
1009,764.1913813106578,935.5025653424241,685.5025653424241,0.0,0.0,1.0,1.0
1010,158.05845212304112,231.98339617505775,0.0,0.0,0.0,0.0,0.0
1011,185.5339202389677,266.2773100666137,0.0,16.277310066613722,266.2773100666137,1.0,0.0
1012,243.34607197118785,366.77935829559226,0.0,116.77935829559226,366.77935829559226,1.0,0.0
1013,424.3851719820909,573.4297241393434,323.4297241393434,0.0,0.0,1.0,1.0
1014,216.02471322719316,298.63693570062355,0.0,48.63693570062355,298.63693570062355,1.0,0.0
1015,1210.0967859393297,1685.3855812985973,1435.3855812985973,0.0,0.0,1.0,1.0
1016,181.76511029399973,275.3132295294492,0.0,25.31322952944919,275.3132295294492,1.0,0.0
1017,1509.776573608284,1853.9655313755288,1603.9655313755288,0.0,0.0,1.0,1.0
1018,1407.2952098798378,1749.9400483501954,1499.9400483501954,0.0,0.0,1.0,1.0
1019,103.3458209533652,146.21229733147936,0.0,0.0,0.0,0.0,0.0
1020,441.76626567612857,623.3793990919442,373.37939909194415,0.0,0.0,1.0,1.0
1021,456.5700967822426,634.3230740181269,384.32307401812693,0.0,0.0,1.0,1.0
1022,1378.8251541135671,1858.0698019765766,1608.0698019765766,0.0,0.0,1.0,1.0
1023,518.0642529189682,767.8894239229551,517.8894239229551,0.0,0.0,1.0,1.0
1024,192.57355296178125,262.1991609626849,0.0,12.199160962684914,262.1991609626849,1.0,0.0
1025,443.83870684886426,672.4546974650918,422.45469746509184,0.0,0.0,1.0,1.0
1026,1280.8434512908998,1669.7600927337835,1419.7600927337835,0.0,0.0,1.0,1.0
1027,711.4490198993353,994.3116469510993,744.3116469510993,0.0,0.0,1.0,1.0
1028,535.1817798433416,764.1836302696192,514.1836302696192,0.0,0.0,1.0,1.0
1029,1083.1672652129791,1421.1365781238787,1171.1365781238787,0.0,0.0,1.0,1.0
1030,698.9008196200522,965.626618521889,715.626618521889,0.0,0.0,1.0,1.0
1031,198.91353427578562,262.58159723133963,0.0,12.581597231339629,262.58159723133963,1.0,0.0
1032,278.84848445848695,429.4124399132257,179.41243991322568,0.0,0.0,1.0,1.0
1033,676.2889909662584,936.3336976256627,686.3336976256627,0.0,0.0,1.0,1.0
1034,530.0844106415506,750.5310006829832,500.5310006829832,0.0,0.0,1.0,1.0
1035,1609.6327578151022,2136.0009612004324,1886.0009612004324,0.0,0.0,1.0,1.0
1036,42.83402778000872,63.01013596799715,0.0,0.0,0.0,0.0,0.0
1037,2800.0280002800027,3384.9857078381224,3134.9857078381224,0.0,0.0,1.0,1.0
1038,199.2859270571552,290.3933301237228,0.0,40.39333012372282,290.3933301237228,1.0,0.0
1039,329.614361829381,495.8881276384048,245.8881276384048,0.0,0.0,1.0,1.0
1040,10.637007852239195,16.25391211347181,0.0,0.0,0.0,0.0,0.0
1041,654.4080829313515,812.2896969667133,562.2896969667133,0.0,0.0,1.0,1.0
1042,298.0943255615884,432.90980324249443,182.90980324249443,0.0,0.0,1.0,1.0
1043,2490.8104191354623,2877.425414268293,2627.425414268293,0.0,0.0,1.0,1.0
1044,448.03696499759917,552.812856023497,302.81285602349703,0.0,0.0,1.0,1.0
1045,357.838612680748,510.39708893519156,260.39708893519156,0.0,0.0,1.0,1.0
1046,408.39619589690795,594.4768408249148,344.4768408249148,0.0,0.0,1.0,1.0
1047,412.7011288885757,538.3509391597786,288.3509391597786,0.0,0.0,1.0,1.0
1048,506.1469937022391,726.8352202697332,476.8352202697332,0.0,0.0,1.0,1.0
1049,230.73522394699364,269.48454074983533,0.0,19.484540749835332,269.48454074983533,1.0,0.0
1050,693.4425177552334,936.882112263647,686.882112263647,0.0,0.0,1.0,1.0
1051,19.93978185878646,26.450443111048216,0.0,0.0,0.0,0.0,0.0
1052,1782.1222194358036,2185.386178675604,1935.3861786756038,0.0,0.0,1.0,1.0
1053,261.9073560347646,374.2050014743677,124.20500147436769,0.0,0.0,1.0,1.0
1054,1843.851197896022,2408.978131671571,2158.978131671571,0.0,0.0,1.0,1.0
1055,960.4938218902946,1311.8749462495682,1061.8749462495682,0.0,0.0,1.0,1.0
1056,607.6843282476196,870.4057465103601,620.4057465103601,0.0,0.0,1.0,1.0
1057,237.68443501869606,362.10743233734587,0.0,112.10743233734587,362.10743233734587,1.0,0.0
1058,1381.2834006360183,1727.4118005781595,1477.4118005781595,0.0,0.0,1.0,1.0
1059,150.92851220709804,196.76595476744234,0.0,0.0,0.0,0.0,0.0
1060,627.0943973034941,776.2063641644926,526.2063641644926,0.0,0.0,1.0,1.0
1061,62.72351786940754,91.70105456212748,0.0,0.0,0.0,0.0,0.0
1062,1353.052408599646,1921.0526108600884,1671.0526108600884,0.0,0.0,1.0,1.0
1063,394.13828779758813,604.3208943949237,354.3208943949237,0.0,0.0,1.0,1.0
1064,667.7900843606692,880.6983938263043,630.6983938263043,0.0,0.0,1.0,1.0
1065,1064.8595290552248,1417.350065623308,1167.350065623308,0.0,0.0,1.0,1.0
1066,1725.1977004251012,2035.8976297031365,1785.8976297031365,0.0,0.0,1.0,1.0
1067,20.415246105791805,28.365012324597856,0.0,0.0,0.0,0.0,0.0
1068,861127.4728188016,1145966.794258627,1145716.794258627,0.0,0.0,1.0,1.0
1069,238.96252859758087,330.1756103583267,0.0,80.17561035832671,330.1756103583267,1.0,0.0
1070,479.61480675172527,682.3083381045475,432.3083381045475,0.0,0.0,1.0,1.0
1071,2319.112151104071,3150.4125071376534,2900.4125071376534,0.0,0.0,1.0,1.0
1072,84.41935313670659,123.68220475898204,0.0,0.0,0.0,0.0,0.0
1073,353.2385012839685,519.4294146581407,269.4294146581407,0.0,0.0,1.0,1.0
1074,60.94674676423564,83.0102849743083,0.0,0.0,0.0,0.0,0.0
1075,587.0701070424495,875.0359534448464,625.0359534448464,0.0,0.0,1.0,1.0
1076,707.1804818187018,953.7581577880665,703.7581577880665,0.0,0.0,1.0,1.0
1077,124.40106072637778,178.0869895581662,0.0,0.0,0.0,0.0,0.0
1078,216.59130664378364,306.3989226430263,0.0,56.39892264302631,306.3989226430263,1.0,0.0
1079,2608.7023240468643,3187.908450770255,2937.908450770255,0.0,0.0,1.0,1.0
1080,335.5127683577908,471.9986784037005,221.99867840370052,0.0,0.0,1.0,1.0
1081,240.75374764610874,340.000295652431,0.0,90.00029565243102,340.000295652431,1.0,0.0
1082,1126.4336790917969,1487.0639465554827,1237.0639465554827,0.0,0.0,1.0,1.0
1083,912.7468952859372,1245.75243447042,995.75243447042,0.0,0.0,1.0,1.0
1084,292.283611859458,366.5652081584775,116.5652081584775,0.0,0.0,1.0,1.0
1085,432.5638503062885,621.6199415677255,371.6199415677255,0.0,0.0,1.0,1.0
1086,331.0415601988732,461.5699725654348,211.5699725654348,0.0,0.0,1.0,1.0
1087,783.4360446219762,1079.2678480274192,829.2678480274192,0.0,0.0,1.0,1.0
1088,409.0468900676257,551.8246080665721,301.82460806657207,0.0,0.0,1.0,1.0
1089,375.38835407024703,480.18358176515477,230.18358176515477,0.0,0.0,1.0,1.0
1090,1282.0900360757203,1614.8132199375607,1364.8132199375607,0.0,0.0,1.0,1.0
1091,2299.6369115991833,3039.1840936129793,2789.1840936129793,0.0,0.0,1.0,1.0
1092,376.680382264115,568.693109781187,318.693109781187,0.0,0.0,1.0,1.0
1093,900.2272050707343,1155.0890862457766,905.0890862457766,0.0,0.0,1.0,1.0
1094,216.5989021529931,302.8729664243683,0.0,52.872966424368315,302.8729664243683,1.0,0.0
1095,498.6070166472417,700.1769405476844,450.17694054768435,0.0,0.0,1.0,1.0
1096,391.9562329292746,533.1986305214122,283.19863052141216,0.0,0.0,1.0,1.0
1097,382.28392950684344,523.1870860458935,273.18708604589347,0.0,0.0,1.0,1.0
1098,382.85456362639843,498.8205519318139,248.8205519318139,0.0,0.0,1.0,1.0
1099,103.63811229396744,146.25378248844962,0.0,0.0,0.0,0.0,0.0
1100,3280.0827518019955,4038.4984285914147,3788.4984285914147,0.0,0.0,1.0,1.0
1101,226.32324514613796,316.40062647324044,0.0,66.40062647324044,316.40062647324044,1.0,0.0
1102,604.3365921565593,871.0069298533806,621.0069298533806,0.0,0.0,1.0,1.0
1103,530.3257968145097,723.3509017774576,473.3509017774576,0.0,0.0,1.0,1.0
1104,317.5705646916851,428.96481104791957,178.96481104791957,0.0,0.0,1.0,1.0
1105,451.3380733433973,546.8925449237317,296.89254492373175,0.0,0.0,1.0,1.0
1106,683.1004064447419,897.3377620124294,647.3377620124294,0.0,0.0,1.0,1.0
1107,353.4061668420962,419.73479567423584,169.73479567423584,0.0,0.0,1.0,1.0
1108,732.2100176225141,901.8506218503782,651.8506218503782,0.0,0.0,1.0,1.0
1109,2104.1945056661402,2482.0022849773613,2232.0022849773613,0.0,0.0,1.0,1.0
1110,154.82902037743446,186.17271941327667,0.0,0.0,0.0,0.0,0.0
1111,452.02569149657484,583.4769924413208,333.4769924413208,0.0,0.0,1.0,1.0
1112,320.2996296268616,472.54103428206446,222.54103428206446,0.0,0.0,1.0,1.0
1113,324.510369627452,430.0375879729237,180.0375879729237,0.0,0.0,1.0,1.0
1114,1132.1137735303992,1258.2190993320592,1008.2190993320592,0.0,0.0,1.0,1.0
1115,686.8922771085067,826.9105890765111,576.9105890765111,0.0,0.0,1.0,1.0
1116,234.88169302724333,298.8832972805356,0.0,48.8832972805356,298.8832972805356,1.0,0.0
1117,273.9775106614133,409.63105633608654,159.63105633608654,0.0,0.0,1.0,1.0
1118,416.45323438404483,573.2120798713712,323.2120798713712,0.0,0.0,1.0,1.0
1119,40.6120644229178,56.1052309712096,0.0,0.0,0.0,0.0,0.0
1120,447.6239307892017,600.8819307975206,350.88193079752057,0.0,0.0,1.0,1.0
1121,142.32125974646485,195.72864181099322,0.0,0.0,0.0,0.0,0.0
1122,2213.875740196202,2795.2016627298603,2545.2016627298603,0.0,0.0,1.0,1.0
1123,404.3942759054441,587.7530818368831,337.7530818368831,0.0,0.0,1.0,1.0
1124,294.2395912744587,324.8655007604806,74.86550076048059,0.0,0.0,1.0,1.0
1125,958.4329843597111,1392.409264702668,1142.409264702668,0.0,0.0,1.0,1.0
1126,194.86112247800992,243.1948014679238,0.0,0.0,0.0,0.0,0.0
1127,1164.079594199793,1482.8131458602613,1232.8131458602613,0.0,0.0,1.0,1.0
1128,186.35599487619098,236.6327410042195,0.0,0.0,0.0,0.0,0.0
1129,1627.220050799439,2141.039183852878,1891.039183852878,0.0,0.0,1.0,1.0
1130,51.23092544568343,71.88431800472135,0.0,0.0,0.0,0.0,0.0
1131,1370.4806830224643,1742.5217881731987,1492.5217881731987,0.0,0.0,1.0,1.0
1132,262.41182710290275,349.2614463722482,99.2614463722482,0.0,0.0,1.0,1.0
1133,1682.1569931499446,2240.482401084928,1990.482401084928,0.0,0.0,1.0,1.0
1134,441.59642012502087,534.5954538002609,284.5954538002609,0.0,0.0,1.0,1.0
1135,770.5347511172754,898.2435969266595,648.2435969266595,0.0,0.0,1.0,1.0
1136,399.8288732422523,515.8275227512177,265.82752275121766,0.0,0.0,1.0,1.0
1137,600.7437595319624,719.7418216433331,469.7418216433331,0.0,0.0,1.0,1.0
1138,378.69405818787726,510.5370712006038,260.5370712006038,0.0,0.0,1.0,1.0
1139,10.06821213722973,13.83301886270452,0.0,0.0,0.0,0.0,0.0
1140,1523.884276645534,1864.1351881052854,1614.1351881052854,0.0,0.0,1.0,1.0
1141,1998.6812824528147,2304.5005470219085,2054.5005470219085,0.0,0.0,1.0,1.0
1142,288.5994825690567,336.2423721790892,86.24237217908922,0.0,0.0,1.0,1.0
1143,18.683696232993164,22.50797344959452,0.0,0.0,0.0,0.0,0.0
1144,39.46353273598699,51.70918238733539,0.0,0.0,0.0,0.0,0.0
1145,141.48302506877081,190.62635736178567,0.0,0.0,0.0,0.0,0.0
1146,231.6294669742706,271.7199328308326,0.0,21.71993283083259,271.7199328308326,1.0,0.0
1147,1122.2049082036385,1548.8758848875443,1298.8758848875443,0.0,0.0,1.0,1.0
1148,190.00817035132513,251.898853329904,0.0,1.898853329904,251.898853329904,1.0,0.0
1149,797150.4447472049,951145.6363680388,950895.6363680388,0.0,0.0,1.0,1.0
1150,1527.5479861653696,1825.9927601854617,1575.9927601854617,0.0,0.0,1.0,1.0
1151,1073.5373054213633,1304.3906280763929,1054.3906280763929,0.0,0.0,1.0,1.0
1152,685.8088005405787,847.0934107344175,597.0934107344175,0.0,0.0,1.0,1.0
1153,1184.785296299349,1467.963921276286,1217.963921276286,0.0,0.0,1.0,1.0
1154,423.6725088537925,505.0052910781633,255.00529107816328,0.0,0.0,1.0,1.0
1155,238.19245950728185,389.5001877947334,0.0,139.5001877947334,389.5001877947334,1.0,0.0
1156,511.05319174937944,798.4045793709613,548.4045793709613,0.0,0.0,1.0,1.0
1157,591.6768813106038,704.4031064176993,454.4031064176993,0.0,0.0,1.0,1.0
1158,531.6174358250856,708.1362127241182,458.1362127241182,0.0,0.0,1.0,1.0
1159,1414.0552906093112,1727.1267647077636,1477.1267647077636,0.0,0.0,1.0,1.0
1160,30.271627311869405,40.423258464967184,0.0,0.0,0.0,0.0,0.0
1161,438.645046339716,612.6306945481704,362.63069454817037,0.0,0.0,1.0,1.0
1162,1631.4423433444572,2048.2972531535797,1798.2972531535797,0.0,0.0,1.0,1.0
1163,1397.9340965243105,1662.3461727490871,1412.3461727490871,0.0,0.0,1.0,1.0
1164,68.4096801651996,88.49814849230759,0.0,0.0,0.0,0.0,0.0
1165,931.1171424609229,1119.3447784352275,869.3447784352275,0.0,0.0,1.0,1.0
1166,882.4943852534198,1071.794581536472,821.7945815364719,0.0,0.0,1.0,1.0
1167,584.8655925698674,816.2574743212821,566.2574743212821,0.0,0.0,1.0,1.0
1168,136.55017536193674,195.7480511775751,0.0,0.0,0.0,0.0,0.0
1169,511.08439843321963,689.7826632784542,439.78266327845415,0.0,0.0,1.0,1.0
1170,713.0491133548857,953.655163902469,703.655163902469,0.0,0.0,1.0,1.0
1171,18.65814362665801,22.261427068782243,0.0,0.0,0.0,0.0,0.0
1172,61.56839324964136,85.34838499518493,0.0,0.0,0.0,0.0,0.0
1173,565.7679528458127,761.0781848700424,511.0781848700424,0.0,0.0,1.0,1.0
1174,687.6320180837535,817.0085060941931,567.0085060941931,0.0,0.0,1.0,1.0
1175,1321.6045336321922,1707.0998967545981,1457.0998967545981,0.0,0.0,1.0,1.0
1176,139.09560040615915,183.3247781770184,0.0,0.0,0.0,0.0,0.0
1177,170.162883693669,208.4566219141182,0.0,0.0,0.0,0.0,0.0
1178,473.8902280675705,677.4731156085289,427.47311560852893,0.0,0.0,1.0,1.0
1179,3210.0845359158643,3666.064505037046,3416.064505037046,0.0,0.0,1.0,1.0
1180,432.8657462283118,485.2264045755817,235.22640457558168,0.0,0.0,1.0,1.0
1181,569.9310383443602,703.2478948829462,453.2478948829462,0.0,0.0,1.0,1.0
1182,1174.8056989932238,1589.9271550806195,1339.9271550806195,0.0,0.0,1.0,1.0
1183,263.0492671042727,355.0089025309403,105.0089025309403,0.0,0.0,1.0,1.0
1184,239.50589932968288,314.28545238117067,0.0,64.28545238117067,314.28545238117067,1.0,0.0
1185,1188.4866148009705,1538.4594438945624,1288.4594438945624,0.0,0.0,1.0,1.0
1186,1035.191434298328,1289.7466406525612,1039.7466406525612,0.0,0.0,1.0,1.0
1187,958.5756948685564,1154.8828924934994,904.8828924934994,0.0,0.0,1.0,1.0
1188,218.82818548710634,310.66605322449175,0.0,60.66605322449175,310.66605322449175,1.0,0.0
1189,601.7852270027257,824.907660120977,574.907660120977,0.0,0.0,1.0,1.0
1190,692.1802230679906,914.189032460533,664.189032460533,0.0,0.0,1.0,1.0
1191,2216.411798061258,2724.4451881734185,2474.4451881734185,0.0,0.0,1.0,1.0
1192,279.00978394309027,388.15690164535397,138.15690164535397,0.0,0.0,1.0,1.0
1193,1192.4587265363186,1481.0388721633635,1231.0388721633635,0.0,0.0,1.0,1.0
1194,49.277493391888136,64.79638384341047,0.0,0.0,0.0,0.0,0.0
1195,1924.6471480228624,2220.0081938484245,1970.0081938484245,0.0,0.0,1.0,1.0
1196,1362.4137714487035,1636.1758479992636,1386.1758479992636,0.0,0.0,1.0,1.0
1197,22.201402240565514,33.465298159073946,0.0,0.0,0.0,0.0,0.0
1198,1243.8532916504275,1566.8394107116976,1316.8394107116976,0.0,0.0,1.0,1.0
1199,1379.208790433891,1661.0341373737674,1411.0341373737674,0.0,0.0,1.0,1.0
1200,227.61365508510582,336.02580678196085,0.0,86.02580678196085,336.02580678196085,1.0,0.0
1201,345.2023670421702,502.15393604993545,252.15393604993545,0.0,0.0,1.0,1.0
1202,2319.693316754672,2827.8761577874484,2577.8761577874484,0.0,0.0,1.0,1.0
1203,658.6225526769405,873.8931256016549,623.8931256016549,0.0,0.0,1.0,1.0
1204,39.58303233735827,52.51645734482043,0.0,0.0,0.0,0.0,0.0
1205,2071.949874664016,2755.13199792236,2505.13199792236,0.0,0.0,1.0,1.0
1206,567.4543276646366,761.0718659406501,511.0718659406501,0.0,0.0,1.0,1.0
1207,160.45955616886764,215.57299301543503,0.0,0.0,0.0,0.0,0.0
1208,843.8343834383439,1136.4433532094001,886.4433532094001,0.0,0.0,1.0,1.0
1209,535.9056806002143,761.8606465454191,511.86064654541906,0.0,0.0,1.0,1.0
1210,525.3110512032977,829.7817497448863,579.7817497448863,0.0,0.0,1.0,1.0
1211,1707.1440400228166,1921.6429932523865,1671.6429932523865,0.0,0.0,1.0,1.0
1212,194.01402074656593,278.3146501739467,0.0,28.31465017394669,278.3146501739467,1.0,0.0
1213,189.46872968197175,242.42022141897488,0.0,0.0,0.0,0.0,0.0
1214,938.696772465176,1199.0423827801349,949.0423827801349,0.0,0.0,1.0,1.0
1215,145.0969662297175,190.65699037046014,0.0,0.0,0.0,0.0,0.0
1216,1230.9435236575362,1722.0228434711717,1472.0228434711717,0.0,0.0,1.0,1.0
1217,1168.4338374339554,1457.5526157315956,1207.5526157315956,0.0,0.0,1.0,1.0
1218,281.8280410550389,400.66480679052654,150.66480679052654,0.0,0.0,1.0,1.0
1219,564.1805780835995,714.8701936149326,464.87019361493265,0.0,0.0,1.0,1.0
1220,972.1809296536661,1410.1608649205268,1160.1608649205268,0.0,0.0,1.0,1.0
1221,82.45450572646541,111.5643412474288,0.0,0.0,0.0,0.0,0.0
1222,209.97584172684134,321.9250439893629,0.0,71.9250439893629,321.9250439893629,1.0,0.0
1223,1243.3368209984837,1655.285410482726,1405.285410482726,0.0,0.0,1.0,1.0
1224,781.7109618364426,1083.2805295906237,833.2805295906237,0.0,0.0,1.0,1.0
1225,41.81248771758173,60.023198966400514,0.0,0.0,0.0,0.0,0.0
1226,112.85280608502329,155.9951783308516,0.0,0.0,0.0,0.0,0.0
1227,1205.267653999374,1573.1493760530786,1323.1493760530786,0.0,0.0,1.0,1.0
1228,1187.4764978609799,1516.0401032503103,1266.0401032503103,0.0,0.0,1.0,1.0
1229,1285.9930706406708,1706.8681529695236,1456.8681529695236,0.0,0.0,1.0,1.0
1230,20.011586708704343,27.22951897693251,0.0,0.0,0.0,0.0,0.0
1231,1099.5558841424145,1433.6800108140435,1183.6800108140435,0.0,0.0,1.0,1.0
1232,668.8651385462925,855.1449276301213,605.1449276301213,0.0,0.0,1.0,1.0
1233,345.7030634375289,461.53449359485137,211.53449359485137,0.0,0.0,1.0,1.0
1234,2854.3935918863867,3439.3901531334727,3189.3901531334727,0.0,0.0,1.0,1.0
1235,1598.444895489596,1981.9970815425525,1731.9970815425525,0.0,0.0,1.0,1.0
1236,1205.502165674066,1577.6974474516032,1327.6974474516032,0.0,0.0,1.0,1.0
1237,364.74620637125804,535.5954364118256,285.59543641182563,0.0,0.0,1.0,1.0
1238,1092.8868069276166,1431.2053274513598,1181.2053274513598,0.0,0.0,1.0,1.0
1239,237.16493042173855,296.1222787596425,0.0,46.122278759642484,296.1222787596425,1.0,0.0
1240,503.31432482899896,638.4358831611258,388.43588316112584,0.0,0.0,1.0,1.0
1241,365.867681339703,481.6551321730491,231.65513217304908,0.0,0.0,1.0,1.0
1242,99.9424331585007,126.40243501650815,0.0,0.0,0.0,0.0,0.0
1243,1320.7994517599655,1754.595385989412,1504.595385989412,0.0,0.0,1.0,1.0
1244,1254.8574296816982,1530.8670479613115,1280.8670479613115,0.0,0.0,1.0,1.0
1245,800.9911485276847,1065.5315757136295,815.5315757136295,0.0,0.0,1.0,1.0
1246,2903.7309107086303,3309.901727144192,3059.901727144192,0.0,0.0,1.0,1.0
1247,141.7766026072717,188.1257701398715,0.0,0.0,0.0,0.0,0.0
1248,2754.508290715298,3458.558894211145,3208.558894211145,0.0,0.0,1.0,1.0
1249,1381.952597902353,1739.4649236191053,1489.4649236191053,0.0,0.0,1.0,1.0
1250,39.02027883891258,45.51480084429956,0.0,0.0,0.0,0.0,0.0
1251,3015.4052414701723,3858.832050271677,3608.832050271677,0.0,0.0,1.0,1.0
1252,279.74317504359334,387.23890058573465,137.23890058573465,0.0,0.0,1.0,1.0
1253,231.35173561123653,330.2876805697763,0.0,80.28768056977628,330.2876805697763,1.0,0.0
1254,1313.213444241504,1855.3076486603907,1605.3076486603907,0.0,0.0,1.0,1.0
1255,135.2654391006008,170.26658883051178,0.0,0.0,0.0,0.0,0.0
1256,1282.0618015327307,1600.1085513641247,1350.1085513641247,0.0,0.0,1.0,1.0
1257,570.9542866507716,798.8744746290781,548.8744746290781,0.0,0.0,1.0,1.0
1258,1236.350334683101,1510.8437375527076,1260.8437375527076,0.0,0.0,1.0,1.0
1259,20.608804699631825,29.250585377339867,0.0,0.0,0.0,0.0,0.0
1260,1063.0934913208384,1489.1778652325054,1239.1778652325054,0.0,0.0,1.0,1.0
1261,1802.3146555655806,2300.6888037821077,2050.6888037821077,0.0,0.0,1.0,1.0
1262,273.5154946527721,367.6500625005106,117.65006250051061,0.0,0.0,1.0,1.0
1263,788.4884999492343,1092.4039021265962,842.4039021265962,0.0,0.0,1.0,1.0
1264,569.2167577413479,767.9978154728803,517.9978154728803,0.0,0.0,1.0,1.0
1265,1507.2061199267164,2095.0956139561304,1845.0956139561304,0.0,0.0,1.0,1.0
1266,122.45710174654441,167.41048073314627,0.0,0.0,0.0,0.0,0.0
1267,1421.7167229429535,1921.564153220722,1671.564153220722,0.0,0.0,1.0,1.0
1268,181.0916202870906,233.3561935974839,0.0,0.0,0.0,0.0,0.0
1269,1030.2426055167832,1535.3894895160138,1285.3894895160138,0.0,0.0,1.0,1.0
1270,269.3641762221881,379.29183297154725,129.29183297154725,0.0,0.0,1.0,1.0
1271,106.22657703976273,159.92988673765421,0.0,0.0,0.0,0.0,0.0
1272,316.94522061943366,433.6313266460855,183.63132664608548,0.0,0.0,1.0,1.0
1273,2333.2491400391214,3048.5729422872587,2798.5729422872587,0.0,0.0,1.0,1.0
1274,1096.5074130227126,1439.3806234455728,1189.3806234455728,0.0,0.0,1.0,1.0
1275,127.00124656608169,162.00648773673197,0.0,0.0,0.0,0.0,0.0
1276,474.4423194114385,667.8351307992206,417.83513079922056,0.0,0.0,1.0,1.0
1277,839.3272632619021,1104.692706650949,854.692706650949,0.0,0.0,1.0,1.0
1278,848.4983811544043,1193.4514065060373,943.4514065060373,0.0,0.0,1.0,1.0
1279,206.7514692276282,272.3771442890684,0.0,22.377144289068383,272.3771442890684,1.0,0.0
1280,404.11911359062935,531.1028827992118,281.1028827992118,0.0,0.0,1.0,1.0
1281,594.343364048278,866.2870229416429,616.2870229416429,0.0,0.0,1.0,1.0
1282,676.9463795003713,949.9918360076593,699.9918360076593,0.0,0.0,1.0,1.0
1283,9.99758058549831,13.653927552260408,0.0,0.0,0.0,0.0,0.0
1284,3172.99001035027,4022.424646330911,3772.424646330911,0.0,0.0,1.0,1.0
1285,21.010235136046525,31.033974443522048,0.0,0.0,0.0,0.0,0.0
1286,799.6552135962156,1034.794633581908,784.7946335819081,0.0,0.0,1.0,1.0
1287,1120.6430997201594,1489.0554424976424,1239.0554424976424,0.0,0.0,1.0,1.0
1288,194.70025895134438,265.8127083656856,0.0,15.81270836568558,265.8127083656856,1.0,0.0
1289,2758.449163703783,3470.513436860835,3220.513436860835,0.0,0.0,1.0,1.0
1290,53.54494294786329,81.0055707531007,0.0,0.0,0.0,0.0,0.0
1291,127.94192617554026,168.4315267540524,0.0,0.0,0.0,0.0,0.0
1292,1495.7253460882478,1971.1391198792926,1721.1391198792926,0.0,0.0,1.0,1.0
1293,3453.0263818335216,4316.290659902995,4066.290659902995,0.0,0.0,1.0,1.0
1294,139.1678192616826,207.27404339042937,0.0,0.0,0.0,0.0,0.0
1295,416.5204506334755,573.6222668691554,323.6222668691554,0.0,0.0,1.0,1.0
1296,50.623222492100254,68.2650705382974,0.0,0.0,0.0,0.0,0.0
1297,124.66065930145918,153.02056714130507,0.0,0.0,0.0,0.0,0.0
1298,744.585467553137,955.0084889643464,705.0084889643464,0.0,0.0,1.0,1.0
1299,157.79109300838186,218.7721050981193,0.0,0.0,0.0,0.0,0.0
1300,499.90971018499715,676.0289781890976,426.02897818909764,0.0,0.0,1.0,1.0
1301,623.054967413151,882.7683615819209,632.7683615819209,0.0,0.0,1.0,1.0
1302,1513.2607244580247,1841.0609555106357,1591.0609555106357,0.0,0.0,1.0,1.0
1303,864.1137865034068,1222.1558523696838,972.1558523696838,0.0,0.0,1.0,1.0
1304,175.05812959656308,245.13939058347503,0.0,0.0,0.0,0.0,0.0
1305,331.54815374302325,467.83899321048665,217.83899321048665,0.0,0.0,1.0,1.0
1306,1073.5689431240014,1407.6887406982135,1157.6887406982135,0.0,0.0,1.0,1.0
1307,1388.0713531295269,1741.437170125318,1491.437170125318,0.0,0.0,1.0,1.0
1308,173.83088504461318,241.80528984631138,0.0,0.0,0.0,0.0,0.0
1309,335.8884606028282,462.8408893277306,212.84088932773062,0.0,0.0,1.0,1.0
1310,80.11689054330267,107.50650750328231,0.0,0.0,0.0,0.0,0.0
1311,452.4634226643742,544.3620308641689,294.3620308641689,0.0,0.0,1.0,1.0
1312,202.91861041335585,301.9558794782838,0.0,51.955879478283805,301.9558794782838,1.0,0.0
1313,5319.325374448543,5775.010312518415,5525.010312518415,0.0,0.0,1.0,1.0
1314,902.6863540193884,1125.2263095611363,875.2263095611363,0.0,0.0,1.0,1.0
1315,73.18156869919761,105.12136261313688,0.0,0.0,0.0,0.0,0.0
1316,149.4492794053911,196.9597296136832,0.0,0.0,0.0,0.0,0.0
1317,1385.9104744151405,1812.536665818049,1562.536665818049,0.0,0.0,1.0,1.0
1318,571.0307104323304,718.8156943948768,468.8156943948768,0.0,0.0,1.0,1.0
1319,118.4416949221892,177.65331279015027,0.0,0.0,0.0,0.0,0.0
1320,1542.8250182814197,1869.005740151876,1619.005740151876,0.0,0.0,1.0,1.0
1321,116.06313834726092,172.7217413491923,0.0,0.0,0.0,0.0,0.0
1322,553.0259737865689,677.0424410587043,427.0424410587043,0.0,0.0,1.0,1.0
1323,492.0770572586889,625.5489511203709,375.54895112037093,0.0,0.0,1.0,1.0
1324,4480.54593728959,5401.467002823899,5151.467002823899,0.0,0.0,1.0,1.0
1325,819.3170378002156,1060.8419372034616,810.8419372034616,0.0,0.0,1.0,1.0
1326,523.2235804793332,672.1976467911611,422.1976467911611,0.0,0.0,1.0,1.0
1327,819.8888640644761,1050.4656845687905,800.4656845687905,0.0,0.0,1.0,1.0
1328,809.7751740206849,1109.7793758600792,859.7793758600792,0.0,0.0,1.0,1.0
1329,614.8818072105834,836.9067359644358,586.9067359644358,0.0,0.0,1.0,1.0
1330,1207.5810890701312,1549.7963028598458,1299.7963028598458,0.0,0.0,1.0,1.0
1331,125.96435402572384,158.49657464518103,0.0,0.0,0.0,0.0,0.0
1332,557.1323452118154,786.7213314293688,536.7213314293688,0.0,0.0,1.0,1.0
1333,518.2922953405523,629.6765363513452,379.67653635134525,0.0,0.0,1.0,1.0
1334,255.0670666968496,365.41193344021633,115.41193344021633,0.0,0.0,1.0,1.0
1335,255.92963368279672,340.255027948548,90.25502794854799,0.0,0.0,1.0,1.0
1336,123.49889468489258,147.58270875574152,0.0,0.0,0.0,0.0,0.0
1337,354.13383550899965,481.9864646859858,231.98646468598582,0.0,0.0,1.0,1.0
1338,487.5316376913821,664.4696754419076,414.4696754419076,0.0,0.0,1.0,1.0
1339,1146.2668318139988,1474.5798812690125,1224.5798812690125,0.0,0.0,1.0,1.0
1340,420.0996686463863,590.1411027376647,340.1411027376647,0.0,0.0,1.0,1.0
1341,549.6856552522465,791.1662410916233,541.1662410916233,0.0,0.0,1.0,1.0
1342,1802.651901241382,2432.4397370562674,2182.4397370562674,0.0,0.0,1.0,1.0
1343,353.56285286835435,470.19627335867915,220.19627335867915,0.0,0.0,1.0,1.0
1344,111.25007069014907,132.1457832280572,0.0,0.0,0.0,0.0,0.0
1345,671.8022214260122,866.1508257304538,616.1508257304538,0.0,0.0,1.0,1.0
1346,494.46365527312526,728.8623834933727,478.8623834933727,0.0,0.0,1.0,1.0
1347,338.16450646475425,487.4467235963819,237.4467235963819,0.0,0.0,1.0,1.0
1348,529.9520231188866,767.0494347706639,517.0494347706639,0.0,0.0,1.0,1.0
1349,1205.6471230912366,1607.2711238807776,1357.2711238807776,0.0,0.0,1.0,1.0
1350,122.60423658939534,170.1340940217715,0.0,0.0,0.0,0.0,0.0
1351,1739.6538622450287,2225.708710713852,1975.7087107138518,0.0,0.0,1.0,1.0
1352,557.7250395636199,695.6599514777184,445.65995147771844,0.0,0.0,1.0,1.0
1353,582.7034201453522,742.4333666053471,492.43336660534715,0.0,0.0,1.0,1.0
1354,119.79479152212261,155.1650568292021,0.0,0.0,0.0,0.0,0.0
1355,2211.629680070307,3128.3573242665857,2878.3573242665857,0.0,0.0,1.0,1.0
1356,1142.1896853806186,1503.343521085811,1253.343521085811,0.0,0.0,1.0,1.0
1357,2983.716108119655,3802.956539753474,3552.956539753474,0.0,0.0,1.0,1.0
1358,373.77220747898514,466.5072357727569,216.50723577275693,0.0,0.0,1.0,1.0
1359,196.5155822118025,249.749002252736,0.0,0.0,0.0,0.0,0.0
1360,594.9914248165704,808.5312816497443,558.5312816497443,0.0,0.0,1.0,1.0
1361,40.54969161959523,54.62361597413025,0.0,0.0,0.0,0.0,0.0
1362,466.2899477646819,648.8568048480166,398.8568048480166,0.0,0.0,1.0,1.0
1363,1008.6705318921449,1242.4999596187513,992.4999596187513,0.0,0.0,1.0,1.0
1364,306.186145373231,391.9565459271921,141.9565459271921,0.0,0.0,1.0,1.0
1365,101.31599343877629,137.9331272612412,0.0,0.0,0.0,0.0,0.0
1366,307.41421606300764,420.8051686096177,170.80516860961768,0.0,0.0,1.0,1.0
1367,1428.1123924452852,1877.4908756788125,1627.4908756788125,0.0,0.0,1.0,1.0
1368,391.9950260186698,582.8869256033892,332.88692560338916,0.0,0.0,1.0,1.0
1369,916132.5211139917,1357166.4751606334,1356916.4751606334,0.0,0.0,1.0,1.0
1370,2013.7349177482708,2337.214233393732,2087.214233393732,0.0,0.0,1.0,1.0
1371,1555.6903571820292,2182.317731331567,1932.3177313315668,0.0,0.0,1.0,1.0
1372,2394.8648941802635,2784.155533165784,2534.155533165784,0.0,0.0,1.0,1.0
1373,234.826077044479,291.8444080179387,0.0,41.84440801793869,291.8444080179387,1.0,0.0
1374,459.53632784520414,585.7887645714954,335.78876457149545,0.0,0.0,1.0,1.0
1375,370.5152220003705,482.4857666698833,232.48576666988328,0.0,0.0,1.0,1.0
1376,433.5737861288907,476.97635151249204,226.97635151249204,0.0,0.0,1.0,1.0
1377,848.5581493268999,1189.6963262478635,939.6963262478635,0.0,0.0,1.0,1.0
1378,786.6365769662594,1007.9008958537313,757.9008958537313,0.0,0.0,1.0,1.0
1379,652.8222196944595,791.3763954004245,541.3763954004245,0.0,0.0,1.0,1.0
1380,843899.1657705122,1078956.1099636103,1078706.1099636103,0.0,0.0,1.0,1.0
1381,126.2647519318507,180.7198977125379,0.0,0.0,0.0,0.0,0.0
1382,220.04052572465088,267.0298272317018,0.0,17.029827231701802,267.0298272317018,1.0,0.0
1383,564.2929768096106,738.9940275846316,488.99402758463157,0.0,0.0,1.0,1.0
1384,641.4945581602764,814.0521150912133,564.0521150912133,0.0,0.0,1.0,1.0
1385,1380.466400433861,1575.364893893548,1325.364893893548,0.0,0.0,1.0,1.0
1386,64.22311968085391,96.83424639958169,0.0,0.0,0.0,0.0,0.0
1387,147.7708763305536,194.3810906075057,0.0,0.0,0.0,0.0,0.0
1388,408.4214406595064,587.37416638051,337.37416638051,0.0,0.0,1.0,1.0
1389,377.4089143985581,505.1732471170991,255.1732471170991,0.0,0.0,1.0,1.0
1390,2567.7088634534066,3332.1675750075424,3082.1675750075424,0.0,0.0,1.0,1.0
1391,425.21211162312363,542.1755867159416,292.17558671594156,0.0,0.0,1.0,1.0
1392,93.53953604390122,135.08969956050817,0.0,0.0,0.0,0.0,0.0
1393,1621.7489797770966,1892.571004145802,1642.571004145802,0.0,0.0,1.0,1.0
1394,901.4221506674717,1206.4266064762662,956.4266064762662,0.0,0.0,1.0,1.0
1395,391.09776915718436,554.4965171624166,304.4965171624166,0.0,0.0,1.0,1.0
1396,235.9184870855143,322.6992246800367,0.0,72.6992246800367,322.6992246800367,1.0,0.0
1397,1812.8129198024137,2208.8499552484445,1958.8499552484445,0.0,0.0,1.0,1.0
1398,411.2281740646615,544.6281959463323,294.6281959463323,0.0,0.0,1.0,1.0
1399,510.7129552855787,652.7974932576259,402.7974932576259,0.0,0.0,1.0,1.0
1400,67.28019799601124,84.12308890368388,0.0,0.0,0.0,0.0,0.0
1401,436.49726174101505,570.3991998493086,320.3991998493086,0.0,0.0,1.0,1.0
1402,420.72604369725417,603.0243992949253,353.0243992949253,0.0,0.0,1.0,1.0
1403,109.78054868318233,142.56368384559056,0.0,0.0,0.0,0.0,0.0
1404,330.75243077196586,466.74445740956827,216.74445740956827,0.0,0.0,1.0,1.0
1405,644.6978209213653,837.720283867502,587.720283867502,0.0,0.0,1.0,1.0
1406,4293.834759121752,4900.381289941463,4650.381289941463,0.0,0.0,1.0,1.0
1407,2266.1669132899474,2817.671543191278,2567.671543191278,0.0,0.0,1.0,1.0
1408,692.3852672456613,872.3311723119556,622.3311723119556,0.0,0.0,1.0,1.0
1409,1136.9378473976758,1436.5121485034338,1186.5121485034338,0.0,0.0,1.0,1.0
1410,996.6549767343355,1289.9030154170284,1039.9030154170284,0.0,0.0,1.0,1.0
1411,159.1963766904665,210.04707680108805,0.0,0.0,0.0,0.0,0.0
1412,206.23821495914518,268.7655980034555,0.0,18.765598003455523,268.7655980034555,1.0,0.0
1413,236.98524435074572,293.54161480764805,0.0,43.541614807648045,293.54161480764805,1.0,0.0
1414,507.6308866519951,659.4583131832181,409.45831318321814,0.0,0.0,1.0,1.0
1415,367.6132708390773,498.14854789698285,248.14854789698285,0.0,0.0,1.0,1.0
1416,379.6164437531549,509.13484229892265,259.13484229892265,0.0,0.0,1.0,1.0
1417,572.9638168140921,781.9953393077777,531.9953393077777,0.0,0.0,1.0,1.0
1418,602.4804118556095,766.0868665898026,516.0868665898026,0.0,0.0,1.0,1.0
1419,371.4188198919874,483.2122908311121,233.2122908311121,0.0,0.0,1.0,1.0
1420,2004.7089333242338,2430.652074134888,2180.652074134888,0.0,0.0,1.0,1.0
1421,423.6090108532569,537.0461959644101,287.0461959644101,0.0,0.0,1.0,1.0
1422,50.19178280208678,68.27784165549186,0.0,0.0,0.0,0.0,0.0
1423,77.24684519056314,98.45547966278997,0.0,0.0,0.0,0.0,0.0
1424,353.2984125744484,413.76396725602626,163.76396725602626,0.0,0.0,1.0,1.0
1425,724.7883933016948,968.1194070058172,718.1194070058172,0.0,0.0,1.0,1.0
1426,966.3310920894203,1098.6246318234203,848.6246318234203,0.0,0.0,1.0,1.0
1427,541.8303445832595,737.2905988359315,487.2905988359315,0.0,0.0,1.0,1.0
1428,40.21418072654961,54.628912625151415,0.0,0.0,0.0,0.0,0.0
1429,943.6429747319079,1174.7775265059179,924.7775265059179,0.0,0.0,1.0,1.0
1430,124.8869512909668,180.12987363889363,0.0,0.0,0.0,0.0,0.0
1431,814.0352034160626,1078.686787588821,828.6867875888211,0.0,0.0,1.0,1.0
1432,2126.8370161838675,2445.0348929363786,2195.0348929363786,0.0,0.0,1.0,1.0
1433,611.0038578997975,881.4401185150363,631.4401185150363,0.0,0.0,1.0,1.0
1434,143.62038260469927,175.2092874939115,0.0,0.0,0.0,0.0,0.0
1435,426.7548109330703,527.4040334422103,277.40403344221033,0.0,0.0,1.0,1.0
1436,1699.1037765269891,2151.1525003744096,1901.1525003744096,0.0,0.0,1.0,1.0
1437,472.1301568416381,654.3370184624824,404.33701846248243,0.0,0.0,1.0,1.0
1438,458.9570049077803,614.4334513955831,364.4334513955831,0.0,0.0,1.0,1.0
1439,788.3625080018794,1049.1902349766451,799.1902349766451,0.0,0.0,1.0,1.0
1440,316.88933744201165,379.63194108112276,129.63194108112276,0.0,0.0,1.0,1.0
1441,203.04411471799108,255.16868472693912,0.0,5.168684726939119,255.16868472693912,1.0,0.0
1442,388.09561481808765,512.0280643894985,262.02806438949847,0.0,0.0,1.0,1.0
1443,1094.0645435562726,1413.9376547756754,1163.9376547756754,0.0,0.0,1.0,1.0
1444,429.71147943523636,571.9951189749847,321.99511897498473,0.0,0.0,1.0,1.0
1445,1712.0733733727427,2028.167892484705,1778.167892484705,0.0,0.0,1.0,1.0
1446,60.69311537761233,80.81896551724137,0.0,0.0,0.0,0.0,0.0
1447,236.1689696563947,317.3175355188693,0.0,67.3175355188693,317.3175355188693,1.0,0.0
1448,544.3668721651609,681.9920012081001,431.9920012081001,0.0,0.0,1.0,1.0
1449,540.1106273649696,765.2544471036621,515.2544471036621,0.0,0.0,1.0,1.0
1450,212.31937687296022,285.91072777895016,0.0,35.91072777895016,285.91072777895016,1.0,0.0
1451,1446.2048733937359,1840.7496284910424,1590.7496284910424,0.0,0.0,1.0,1.0
1452,40.004600529060845,53.17805341735466,0.0,0.0,0.0,0.0,0.0
1453,97.85137941089555,124.55952637485692,0.0,0.0,0.0,0.0,0.0
1454,2284.6941432131302,2710.63527204692,2460.63527204692,0.0,0.0,1.0,1.0
1455,384.23443423614196,556.4890487592613,306.4890487592613,0.0,0.0,1.0,1.0
1456,2990.3499647607778,3720.0047265942408,3470.0047265942408,0.0,0.0,1.0,1.0
1457,275.6407115205567,378.7666236462601,128.7666236462601,0.0,0.0,1.0,1.0
1458,2491.015700914911,2925.6063697512477,2675.6063697512477,0.0,0.0,1.0,1.0
1459,106.6938664896971,162.31776787098335,0.0,0.0,0.0,0.0,0.0
1460,1533.6683093720005,1941.8978724675546,1691.8978724675546,0.0,0.0,1.0,1.0
1461,30.27627097262521,40.30735703316355,0.0,0.0,0.0,0.0,0.0
1462,1271.6315585779844,1677.0546836491544,1427.0546836491544,0.0,0.0,1.0,1.0
1463,387.4479770372498,534.2926855331351,284.2926855331351,0.0,0.0,1.0,1.0
1464,1405.1166759657356,1685.8509117130952,1435.8509117130952,0.0,0.0,1.0,1.0
1465,569.9748224583233,855.6311637324277,605.6311637324277,0.0,0.0,1.0,1.0
1466,48.390109448749556,61.53997636864907,0.0,0.0,0.0,0.0,0.0
1467,582.1173548587395,758.098688489269,508.09868848926897,0.0,0.0,1.0,1.0
1468,153.28865480008093,213.38067539251378,0.0,0.0,0.0,0.0,0.0
1469,377.21191459514455,518.9697468689993,268.9697468689993,0.0,0.0,1.0,1.0
1470,913.8869272629086,1185.7840660266127,935.7840660266127,0.0,0.0,1.0,1.0
1471,421.81591752494495,549.9188869641728,299.91888696417277,0.0,0.0,1.0,1.0
1472,616.3178745318257,780.7160574095074,530.7160574095074,0.0,0.0,1.0,1.0
1473,83.88722201871803,99.10115254640412,0.0,0.0,0.0,0.0,0.0
1474,734.5882381353936,934.2768249433994,684.2768249433994,0.0,0.0,1.0,1.0
1475,3276.2281941117026,4217.557754956793,3967.5577549567934,0.0,0.0,1.0,1.0
1476,51.43091080028555,71.09250699194806,0.0,0.0,0.0,0.0,0.0
1477,554.7363388611969,721.9865920526343,471.98659205263425,0.0,0.0,1.0,1.0
1478,532.6086956521739,793.4239725766768,543.4239725766768,0.0,0.0,1.0,1.0
1479,89.62117130887738,119.69708657291282,0.0,0.0,0.0,0.0,0.0
1480,659.2054377124106,891.0034112702032,641.0034112702032,0.0,0.0,1.0,1.0
1481,425.44355022513054,565.8341270728728,315.8341270728728,0.0,0.0,1.0,1.0
1482,86.79020529138184,136.56689601369766,0.0,0.0,0.0,0.0,0.0
1483,1264.119667063857,1746.3721017816035,1496.3721017816035,0.0,0.0,1.0,1.0
1484,839.1373667869428,1141.1450073442923,891.1450073442923,0.0,0.0,1.0,1.0
1485,1190.6931283546485,1472.327916873646,1222.327916873646,0.0,0.0,1.0,1.0
1486,1055.013070439706,1348.191584833253,1098.191584833253,0.0,0.0,1.0,1.0
1487,1106.767196263554,1449.105349958942,1199.105349958942,0.0,0.0,1.0,1.0
1488,470.1692916081936,618.3443963211197,368.3443963211197,0.0,0.0,1.0,1.0
1489,136.23007373190757,197.49455370788428,0.0,0.0,0.0,0.0,0.0
1490,617.1089803999912,860.7044647220582,610.7044647220582,0.0,0.0,1.0,1.0
1491,599.7446510909253,774.1756013966653,524.1756013966653,0.0,0.0,1.0,1.0
1492,386.04802635421197,491.8014181535252,241.80141815352522,0.0,0.0,1.0,1.0
1493,1779.5302255905076,2216.955273935055,1966.9552739350552,0.0,0.0,1.0,1.0
1494,354.3366375224782,546.2135029098671,296.2135029098671,0.0,0.0,1.0,1.0
1495,243.48105929081382,346.38606383443346,0.0,96.38606383443346,346.38606383443346,1.0,0.0
1496,915.9290350533246,1214.9275002252393,964.9275002252393,0.0,0.0,1.0,1.0
1497,204.2625509124408,279.7781918495017,0.0,29.778191849501695,279.7781918495017,1.0,0.0
1498,617.4059073397214,841.8276077363957,591.8276077363957,0.0,0.0,1.0,1.0
1499,1422.0041815810464,1979.9100997070352,1729.9100997070352,0.0,0.0,1.0,1.0
1500,579.6667653856733,802.2650129310534,552.2650129310534,0.0,0.0,1.0,1.0
1501,2385.1041685686637,3137.370283248995,2887.370283248995,0.0,0.0,1.0,1.0
1502,2270.7431801228786,3125.5845288424243,2875.5845288424243,0.0,0.0,1.0,1.0
1503,236.41220832643793,318.27038037461807,0.0,68.27038037461807,318.27038037461807,1.0,0.0
1504,1458.2825439126723,2088.894416751976,1838.8944167519762,0.0,0.0,1.0,1.0
1505,289.4607346513445,374.8048429955437,124.80484299554371,0.0,0.0,1.0,1.0
1506,19.404740189933598,24.586062898524712,0.0,0.0,0.0,0.0,0.0
1507,229.3599502080399,323.54178247991837,0.0,73.54178247991837,323.54178247991837,1.0,0.0
1508,365.20903411821234,455.5988907365955,205.59889073659548,0.0,0.0,1.0,1.0
1509,253.3757033815099,365.6708231250228,115.67082312502282,0.0,0.0,1.0,1.0
1510,1715.6951133287655,2195.9301162724014,1945.9301162724014,0.0,0.0,1.0,1.0
1511,50.32023799459762,67.7033402119927,0.0,0.0,0.0,0.0,0.0
1512,254.81290617177245,350.7354220329186,100.73542203291862,0.0,0.0,1.0,1.0
1513,406.8257219630969,539.5394760801917,289.53947608019166,0.0,0.0,1.0,1.0
1514,41.275836093654874,59.18227845853838,0.0,0.0,0.0,0.0,0.0
1515,1002.5826947960737,1289.3469055002734,1039.3469055002734,0.0,0.0,1.0,1.0
1516,279.22301542241786,379.6267004112622,129.62670041126222,0.0,0.0,1.0,1.0
1517,1113.7875985210646,1539.982939404691,1289.982939404691,0.0,0.0,1.0,1.0
1518,1151.8437178443628,1613.6840406648378,1363.6840406648378,0.0,0.0,1.0,1.0
1519,795.7290291372938,1042.672754412152,792.672754412152,0.0,0.0,1.0,1.0
1520,528.7231672992597,801.1925836841392,551.1925836841392,0.0,0.0,1.0,1.0
1521,224.34923425527273,310.1995005788041,0.0,60.19950057880408,310.1995005788041,1.0,0.0
1522,3047.344654680445,3674.711835779133,3424.711835779133,0.0,0.0,1.0,1.0
1523,577.8643290128343,969.3097157790052,719.3097157790052,0.0,0.0,1.0,1.0
1524,73.11292918595021,106.00808387359595,0.0,0.0,0.0,0.0,0.0
1525,512.0621356677905,695.155047381768,445.155047381768,0.0,0.0,1.0,1.0
1526,189.18950166434212,274.87294761532445,0.0,24.87294761532445,274.87294761532445,1.0,0.0
1527,208.95875850636278,279.8790922321557,0.0,29.8790922321557,279.8790922321557,1.0,0.0
1528,489.8971737102416,691.0596002146696,441.05960021466956,0.0,0.0,1.0,1.0
1529,532.3706979072713,713.5995608618086,463.59956086180864,0.0,0.0,1.0,1.0
1530,1523.30487198033,2130.8819246756916,1880.8819246756916,0.0,0.0,1.0,1.0
1531,664.0737142255829,868.5624489719562,618.5624489719562,0.0,0.0,1.0,1.0
1532,331.2382513932709,462.35692220555813,212.35692220555813,0.0,0.0,1.0,1.0
1533,1806.9686137408178,2360.44423267236,2110.44423267236,0.0,0.0,1.0,1.0
1534,640.3029787734315,837.0956896433424,587.0956896433424,0.0,0.0,1.0,1.0
1535,3161.021274247907,3920.042536025191,3670.042536025191,0.0,0.0,1.0,1.0
1536,184.8053076084345,260.10846523000095,0.0,10.108465230000945,260.10846523000095,1.0,0.0
1537,523.539785944086,719.114051488566,469.114051488566,0.0,0.0,1.0,1.0
1538,1344.0045828352988,1869.453889613345,1619.453889613345,0.0,0.0,1.0,1.0
1539,706.7967752668973,1029.8783555219304,779.8783555219304,0.0,0.0,1.0,1.0
1540,106.65517634900134,160.91425040510163,0.0,0.0,0.0,0.0,0.0
1541,286.88024901205614,393.7450781865227,143.74507818652268,0.0,0.0,1.0,1.0
1542,413.2555423926012,581.6953884979432,331.6953884979432,0.0,0.0,1.0,1.0
1543,709.8451405956321,946.7682956112486,696.7682956112486,0.0,0.0,1.0,1.0
1544,467.56982453974763,538.1395654200126,288.13956542001256,0.0,0.0,1.0,1.0
1545,450.9005200727589,595.6917944809155,345.6917944809155,0.0,0.0,1.0,1.0
1546,143.17724627202244,194.05283504261538,0.0,0.0,0.0,0.0,0.0
1547,881.5232722143863,1255.9254409140688,1005.9254409140688,0.0,0.0,1.0,1.0
1548,1147.0735836674369,1647.3929610383643,1397.3929610383643,0.0,0.0,1.0,1.0
1549,196.31688852197146,278.6091245954669,0.0,28.60912459546688,278.6091245954669,1.0,0.0
1550,1306.364629545543,1719.8478766813594,1469.8478766813594,0.0,0.0,1.0,1.0
1551,73.1442519589598,107.23417032156465,0.0,0.0,0.0,0.0,0.0
1552,954.6580805297484,1331.7795904777759,1081.7795904777759,0.0,0.0,1.0,1.0
1553,581.6593619094754,739.9954561682516,489.9954561682516,0.0,0.0,1.0,1.0
1554,773.9963041676475,1103.1997389093954,853.1997389093954,0.0,0.0,1.0,1.0
1555,1586.1617167919119,2079.9142961342086,1829.9142961342086,0.0,0.0,1.0,1.0
1556,509.69194842749636,700.1390276069105,450.13902760691053,0.0,0.0,1.0,1.0
1557,20.177033290087227,27.820048796365587,0.0,0.0,0.0,0.0,0.0
1558,92.51150226344808,130.08449710778802,0.0,0.0,0.0,0.0,0.0
1559,320.3365669530119,473.86964319985213,223.86964319985213,0.0,0.0,1.0,1.0
1560,2325.270272852947,2740.1819530865832,2490.1819530865832,0.0,0.0,1.0,1.0
1561,1686.0280751588884,2060.401136904786,1810.4011369047862,0.0,0.0,1.0,1.0
1562,715.8077319683883,959.5394210778825,709.5394210778825,0.0,0.0,1.0,1.0
1563,864.3273578130049,1122.1155618726507,872.1155618726507,0.0,0.0,1.0,1.0
1564,126.62916332946058,186.57412590022017,0.0,0.0,0.0,0.0,0.0
1565,661.5246705559205,777.8556886052033,527.8556886052033,0.0,0.0,1.0,1.0
1566,91.82595919866547,124.76277744122633,0.0,0.0,0.0,0.0,0.0
1567,289.86316311566395,427.78410211681836,177.78410211681836,0.0,0.0,1.0,1.0
1568,179.03292731473778,252.10694673276814,0.0,2.1069467327681366,252.10694673276814,1.0,0.0
1569,443.5980235691696,571.5577286295863,321.55772862958634,0.0,0.0,1.0,1.0
1570,677.6939638319944,913.9341208164666,663.9341208164666,0.0,0.0,1.0,1.0
1571,3025.5614787318837,3667.1839037993664,3417.1839037993664,0.0,0.0,1.0,1.0
1572,85.27675504891687,130.72119701400106,0.0,0.0,0.0,0.0,0.0
1573,1451.4611739592588,1983.7600157507563,1733.7600157507563,0.0,0.0,1.0,1.0
1574,830.2226257734732,1123.098728908135,873.098728908135,0.0,0.0,1.0,1.0
1575,236.68639053254438,333.5112059765208,0.0,83.51120597652078,333.5112059765208,1.0,0.0
1576,1077.8884385466106,1577.1220740764581,1327.1220740764581,0.0,0.0,1.0,1.0
1577,561.352529388456,858.6234414300962,608.6234414300962,0.0,0.0,1.0,1.0
1578,348.14276385265333,505.6735034745899,255.6735034745899,0.0,0.0,1.0,1.0
1579,1333.4847394131207,1684.1506946463746,1434.1506946463746,0.0,0.0,1.0,1.0
1580,1690.7244915980684,2154.882524588994,1904.8825245889939,0.0,0.0,1.0,1.0
1581,2567.957121933649,3315.2364453037335,3065.2364453037335,0.0,0.0,1.0,1.0
1582,402.2907881598601,549.978987982254,299.978987982254,0.0,0.0,1.0,1.0
1583,534.3248251346398,679.8645914975878,429.86459149758775,0.0,0.0,1.0,1.0
1584,860.1321494598784,1120.7825492806735,870.7825492806735,0.0,0.0,1.0,1.0
1585,818.3007432161211,1190.9532615220705,940.9532615220705,0.0,0.0,1.0,1.0
1586,593.6090178582587,782.2503283392824,532.2503283392824,0.0,0.0,1.0,1.0
1587,61.778987730693025,84.33575751782999,0.0,0.0,0.0,0.0,0.0
1588,420.8948635428056,546.5617268151182,296.56172681511816,0.0,0.0,1.0,1.0
1589,1790.352042134462,2495.819896581437,2245.819896581437,0.0,0.0,1.0,1.0
1590,1404.1074397483671,1831.0470676197358,1581.0470676197358,0.0,0.0,1.0,1.0
1591,370.88018344793534,536.3088771377655,286.30887713776553,0.0,0.0,1.0,1.0
1592,225.2418937051326,337.86066626123386,0.0,87.86066626123386,337.86066626123386,1.0,0.0
1593,1037.19054123714,1336.1624345948487,1086.1624345948487,0.0,0.0,1.0,1.0
1594,372.46484463959234,520.7372449131411,270.7372449131411,0.0,0.0,1.0,1.0
1595,284.35869216065214,413.7132140000552,163.7132140000552,0.0,0.0,1.0,1.0
1596,759.6266159955346,1146.2279548386184,896.2279548386184,0.0,0.0,1.0,1.0
1597,829.921135935693,1165.9847422568014,915.9847422568014,0.0,0.0,1.0,1.0
1598,1278.1120223958212,1590.6265914283185,1340.6265914283185,0.0,0.0,1.0,1.0
1599,410.9751388713667,488.9614118476487,238.96141184764872,0.0,0.0,1.0,1.0
1600,658.4503214909823,900.6240037740434,650.6240037740434,0.0,0.0,1.0,1.0
1601,98.81032370262045,130.2415720678715,0.0,0.0,0.0,0.0,0.0
1602,1015.490647551895,1452.947786268222,1202.947786268222,0.0,0.0,1.0,1.0
1603,499.33366696219827,782.999514540301,532.999514540301,0.0,0.0,1.0,1.0
1604,2511.271791358448,3274.819205833706,3024.819205833706,0.0,0.0,1.0,1.0
1605,711.7281855311135,1011.2702176253508,761.2702176253508,0.0,0.0,1.0,1.0
1606,781.73945963935,1126.9310768953371,876.9310768953371,0.0,0.0,1.0,1.0
1607,2462.4388851218723,3483.998013952823,3233.998013952823,0.0,0.0,1.0,1.0
1608,1324.2124165907667,1778.3175381145497,1528.3175381145497,0.0,0.0,1.0,1.0
1609,649.2719497203801,950.664474856905,700.664474856905,0.0,0.0,1.0,1.0
1610,1952.3877702430068,2430.7801588919965,2180.7801588919965,0.0,0.0,1.0,1.0
1611,457.81905900742646,673.2711359045879,423.27113590458794,0.0,0.0,1.0,1.0
1612,125.16897812046263,175.88087002403708,0.0,0.0,0.0,0.0,0.0
1613,1148.3198644982558,1648.0482117488405,1398.0482117488405,0.0,0.0,1.0,1.0
1614,265.6341643786711,383.03081559517625,133.03081559517625,0.0,0.0,1.0,1.0
1615,170.46138570191204,248.0812466082642,0.0,0.0,0.0,0.0,0.0
1616,563.736830628992,788.5250267429006,538.5250267429006,0.0,0.0,1.0,1.0
1617,176.0308562532028,228.66957500489096,0.0,0.0,0.0,0.0,0.0
1618,683.5708914800139,927.8380950640419,677.8380950640419,0.0,0.0,1.0,1.0
1619,425.12171766178807,605.504642706848,355.504642706848,0.0,0.0,1.0,1.0
1620,343.5953820780649,499.26981789133396,249.26981789133396,0.0,0.0,1.0,1.0
1621,869.9972537436088,1151.0639714203296,901.0639714203296,0.0,0.0,1.0,1.0
1622,531.390352199394,711.7350046331211,461.7350046331211,0.0,0.0,1.0,1.0
1623,287.19462967316184,426.29077293621975,176.29077293621975,0.0,0.0,1.0,1.0
1624,497.5735672673768,653.1034409221288,403.1034409221288,0.0,0.0,1.0,1.0
1625,480.3246994968599,730.7470975638719,480.7470975638719,0.0,0.0,1.0,1.0
1626,2354.929112169403,2999.408647394637,2749.408647394637,0.0,0.0,1.0,1.0
1627,40.49353520710419,56.24486765582641,0.0,0.0,0.0,0.0,0.0
1628,1829.7703638193404,2559.4297211406524,2309.4297211406524,0.0,0.0,1.0,1.0
1629,586.0496735703317,832.9458872918203,582.9458872918203,0.0,0.0,1.0,1.0
1630,1486.594577923627,1971.0288182064228,1721.0288182064228,0.0,0.0,1.0,1.0
1631,1109.4137081376605,1603.7103442524624,1353.7103442524624,0.0,0.0,1.0,1.0
1632,471.78814139061694,694.9209961692479,444.9209961692479,0.0,0.0,1.0,1.0
1633,857.4598483969161,1137.339264141496,887.339264141496,0.0,0.0,1.0,1.0
1634,744.7481953155337,1014.7927793144639,764.7927793144639,0.0,0.0,1.0,1.0
1635,1300.5534078983953,1890.0711791029821,1640.0711791029821,0.0,0.0,1.0,1.0
1636,366.4302366347047,470.07526286100506,220.07526286100506,0.0,0.0,1.0,1.0
1637,989.8006541482545,1443.216641250018,1193.216641250018,0.0,0.0,1.0,1.0
1638,73.0450280858133,107.2647339604745,0.0,0.0,0.0,0.0,0.0
1639,548.3719952515047,719.8291605458971,469.82916054589714,0.0,0.0,1.0,1.0
1640,2162.8970461006056,2755.2585374356695,2505.2585374356695,0.0,0.0,1.0,1.0
1641,166.0914021747593,238.79028839897086,0.0,0.0,0.0,0.0,0.0
1642,547.3894353838971,815.5719878207916,565.5719878207916,0.0,0.0,1.0,1.0
1643,224.455440493802,310.2008127261293,0.0,60.2008127261293,310.2008127261293,1.0,0.0
1644,436.57846007064063,649.6351348032516,399.6351348032516,0.0,0.0,1.0,1.0
1645,610.7867038053064,850.6494268382828,600.6494268382828,0.0,0.0,1.0,1.0
1646,1834.3535104940306,2394.9603192139966,2144.9603192139966,0.0,0.0,1.0,1.0
1647,20.404269797497825,28.993406899271104,0.0,0.0,0.0,0.0,0.0
1648,249.95703863398475,358.13679333268675,0.0,108.13679333268675,358.13679333268675,1.0,0.0
1649,1335.6796065045476,1752.5484976069365,1502.5484976069365,0.0,0.0,1.0,1.0
1650,390.73384958186335,534.0423917229051,284.0423917229051,0.0,0.0,1.0,1.0
1651,95.68940495011925,144.76668436037255,0.0,0.0,0.0,0.0,0.0
1652,721.1929140256784,936.6050310200948,686.6050310200948,0.0,0.0,1.0,1.0
1653,91.6762077831063,126.538141407779,0.0,0.0,0.0,0.0,0.0
1654,1958.9165684517566,2340.769778861563,2090.769778861563,0.0,0.0,1.0,1.0
1655,742.182079852338,1056.846065009818,806.846065009818,0.0,0.0,1.0,1.0
1656,104.25397937439271,151.4077896279608,0.0,0.0,0.0,0.0,0.0
1657,594.4478570154754,814.8957219404241,564.8957219404241,0.0,0.0,1.0,1.0
1658,1523.6983034738191,1957.1025029014386,1707.1025029014386,0.0,0.0,1.0,1.0
1659,3388.5041947975487,4512.910088383233,4262.910088383233,0.0,0.0,1.0,1.0
1660,1115.3528877148851,1624.611741921578,1374.611741921578,0.0,0.0,1.0,1.0
1661,565.8016886037062,780.3017166637767,530.3017166637767,0.0,0.0,1.0,1.0
1662,85.22479103946547,128.75709169919125,0.0,0.0,0.0,0.0,0.0
1663,397.057179368491,565.0608035164627,315.06080351646267,0.0,0.0,1.0,1.0
1664,980.554445549179,1311.3700009306497,1061.3700009306497,0.0,0.0,1.0,1.0
1665,707.1270764691043,827.0180077583228,577.0180077583228,0.0,0.0,1.0,1.0
1666,416.52608911159155,571.985849070094,321.985849070094,0.0,0.0,1.0,1.0
1667,75.67199433541072,116.26275049432431,0.0,0.0,0.0,0.0,0.0
1668,300.11074086337857,388.52152020700424,138.52152020700424,0.0,0.0,1.0,1.0
1669,146.20493754960523,205.1859277628285,0.0,0.0,0.0,0.0,0.0
1670,911.014797184022,1174.4139741763915,924.4139741763915,0.0,0.0,1.0,1.0
1671,1243.776987484081,1610.9923855660784,1360.9923855660784,0.0,0.0,1.0,1.0
1672,197.5704758583696,260.51639559935705,0.0,10.516395599357054,260.51639559935705,1.0,0.0
1673,1159.6349387834819,1447.6944196459751,1197.6944196459751,0.0,0.0,1.0,1.0
1674,2293.107138333326,2836.0978534790816,2586.0978534790816,0.0,0.0,1.0,1.0
1675,585.6479269604565,782.1784080336583,532.1784080336583,0.0,0.0,1.0,1.0
1676,1256.014376533787,1691.7660157464375,1441.7660157464375,0.0,0.0,1.0,1.0
1677,2896.512238609493,3515.828066431366,3265.828066431366,0.0,0.0,1.0,1.0
1678,356.8273507083023,531.1888328010714,281.1888328010714,0.0,0.0,1.0,1.0
1679,20.166657255559947,27.370489685430964,0.0,0.0,0.0,0.0,0.0
1680,808.1350866016452,1056.570427279825,806.570427279825,0.0,0.0,1.0,1.0
1681,996.4017581453045,1502.40638235736,1252.40638235736,0.0,0.0,1.0,1.0
1682,614.8529045327604,805.4863512457482,555.4863512457482,0.0,0.0,1.0,1.0
1683,591.6778398687321,832.8413124984198,582.8413124984198,0.0,0.0,1.0,1.0
1684,1980.1936386002797,2587.797162964719,2337.797162964719,0.0,0.0,1.0,1.0
1685,176.80783686778403,210.04942794696584,0.0,0.0,0.0,0.0,0.0
1686,1074.2043515807654,1458.4471255722976,1208.4471255722976,0.0,0.0,1.0,1.0
1687,266.369698602686,366.59424080447695,116.59424080447695,0.0,0.0,1.0,1.0
1688,358.38969186919195,513.2377604115563,263.23776041155634,0.0,0.0,1.0,1.0
1689,647.988401007622,844.4018138806464,594.4018138806464,0.0,0.0,1.0,1.0
1690,448.4236380405925,594.2404594018969,344.24045940189694,0.0,0.0,1.0,1.0
1691,1047.9647028378458,1382.1661081587292,1132.1661081587292,0.0,0.0,1.0,1.0
1692,179.99951294249436,257.29662971685264,0.0,7.296629716852635,257.29662971685264,1.0,0.0
1693,1261.0041473025287,1627.3166660871377,1377.3166660871377,0.0,0.0,1.0,1.0
1694,290.7504268517042,386.41523915105904,136.41523915105904,0.0,0.0,1.0,1.0
1695,703.926369301771,1059.7895158666222,809.7895158666222,0.0,0.0,1.0,1.0
1696,854.310252546462,1091.6068584475247,841.6068584475247,0.0,0.0,1.0,1.0
1697,18.820181633572947,22.850561895317007,0.0,0.0,0.0,0.0,0.0
1698,305.8961482576665,405.0851691568152,155.0851691568152,0.0,0.0,1.0,1.0
1699,549.707545941567,666.142323060328,416.14232306032795,0.0,0.0,1.0,1.0
1700,89.30290155049681,118.68215336899074,0.0,0.0,0.0,0.0,0.0
1701,1665.1421122108595,2197.43998242048,1947.4399824204802,0.0,0.0,1.0,1.0
1702,299.6107200715642,436.8086138658655,186.80861386586548,0.0,0.0,1.0,1.0
1703,3309.435764673299,4203.803995402649,3953.803995402649,0.0,0.0,1.0,1.0
1704,841.418895835382,1054.34982819179,804.34982819179,0.0,0.0,1.0,1.0
1705,626.8902941985152,916.9500632212938,666.9500632212938,0.0,0.0,1.0,1.0
1706,1189.2046643249612,1684.8805372896823,1434.8805372896823,0.0,0.0,1.0,1.0
1707,184.00373732035357,252.33656651241427,0.0,2.336566512414265,252.33656651241427,1.0,0.0
1708,236.38572394669603,332.410292578868,0.0,82.410292578868,332.410292578868,1.0,0.0
1709,297.44513816326673,369.82822075642997,119.82822075642997,0.0,0.0,1.0,1.0
1710,2090.7380305247752,2735.3232810202753,2485.3232810202753,0.0,0.0,1.0,1.0
1711,429.0476242862958,633.5565672605583,383.55656726055827,0.0,0.0,1.0,1.0
1712,462.55375930512355,604.7864906475029,354.7864906475029,0.0,0.0,1.0,1.0
1713,1732.0208703135925,2208.4108906205634,1958.4108906205634,0.0,0.0,1.0,1.0
1714,928.0079190009088,1240.2084120342981,990.2084120342981,0.0,0.0,1.0,1.0
1715,2149.1627491482045,2673.529626218954,2423.529626218954,0.0,0.0,1.0,1.0
1716,733.2115503862979,981.3927926513308,731.3927926513308,0.0,0.0,1.0,1.0
1717,58.61115018521124,75.05770060734189,0.0,0.0,0.0,0.0,0.0
1718,119.06604593568049,156.31085539813026,0.0,0.0,0.0,0.0,0.0
1719,224.5466598196207,284.24539028127936,0.0,34.245390281279356,284.24539028127936,1.0,0.0
1720,456.1547193870939,625.4522090545579,375.4522090545579,0.0,0.0,1.0,1.0
1721,1128.3218269112137,1484.4884827279072,1234.4884827279072,0.0,0.0,1.0,1.0
1722,418.3137771642509,497.23750662512475,247.23750662512475,0.0,0.0,1.0,1.0
1723,398.0055939686232,514.4740852972309,264.4740852972309,0.0,0.0,1.0,1.0
1724,170.56234404832733,228.88625295700842,0.0,0.0,0.0,0.0,0.0
1725,491.2351895260114,726.469303908168,476.46930390816794,0.0,0.0,1.0,1.0
1726,1245.7545252033126,1785.6983419790895,1535.6983419790895,0.0,0.0,1.0,1.0
1727,1649.960813430681,1958.5113844594566,1708.5113844594566,0.0,0.0,1.0,1.0
1728,400.4191705072725,502.1039379644461,252.10393796444612,0.0,0.0,1.0,1.0
1729,214.7233874761608,271.9611738338738,0.0,21.961173833873772,271.9611738338738,1.0,0.0
1730,1845.2561630463977,2450.3300696096726,2200.3300696096726,0.0,0.0,1.0,1.0
1731,731.5281722373197,882.7430883601974,632.7430883601974,0.0,0.0,1.0,1.0
1732,50.40429283281198,67.52331242361424,0.0,0.0,0.0,0.0,0.0
1733,72.58730178481805,102.65013315188702,0.0,0.0,0.0,0.0,0.0
1734,1200.5829497211423,1653.7682948117615,1403.7682948117615,0.0,0.0,1.0,1.0
1735,30.62605787508243,41.16304820604576,0.0,0.0,0.0,0.0,0.0
1736,730.5691751256629,956.055128023861,706.055128023861,0.0,0.0,1.0,1.0
1737,3603.073209502222,4435.779051815988,4185.779051815988,0.0,0.0,1.0,1.0
1738,2213.974379207261,2987.8051583306906,2737.8051583306906,0.0,0.0,1.0,1.0
1739,115.572926516632,171.09544637246546,0.0,0.0,0.0,0.0,0.0
1740,264.55484069219756,365.5551446965681,115.5551446965681,0.0,0.0,1.0,1.0
1741,147.931182413941,192.89503295290146,0.0,0.0,0.0,0.0,0.0
1742,1180.036406308387,1674.1616403063715,1424.1616403063715,0.0,0.0,1.0,1.0
1743,721.0873997988966,914.2427593878128,664.2427593878128,0.0,0.0,1.0,1.0
1744,1228.6933404820945,1499.6517337709176,1249.6517337709176,0.0,0.0,1.0,1.0
1745,384.2295574298573,526.0598684565971,276.0598684565971,0.0,0.0,1.0,1.0
1746,40.31644376712819,54.90108882584414,0.0,0.0,0.0,0.0,0.0
1747,725.6668359889285,947.8031277503216,697.8031277503216,0.0,0.0,1.0,1.0
1748,887.4328030661326,1118.3607200137888,868.3607200137888,0.0,0.0,1.0,1.0
1749,74.33009997398447,105.58371959377418,0.0,0.0,0.0,0.0,0.0
1750,121.08040041288417,157.8893353648428,0.0,0.0,0.0,0.0,0.0
1751,637.3492956245449,884.5900070332157,634.5900070332157,0.0,0.0,1.0,1.0
1752,396.1754473394213,558.4720205517704,308.47202055177036,0.0,0.0,1.0,1.0
1753,834.7551317080719,1068.1033090361539,818.1033090361539,0.0,0.0,1.0,1.0
1754,18.64805342294345,22.602036895565025,0.0,0.0,0.0,0.0,0.0
1755,609.0261881260893,829.3498326286242,579.3498326286242,0.0,0.0,1.0,1.0
1756,560.8384534879646,720.1738705487468,470.1738705487468,0.0,0.0,1.0,1.0
1757,188.67418649152404,246.7724757773333,0.0,0.0,0.0,0.0,0.0
1758,449.03121515330673,665.2659123290405,415.2659123290405,0.0,0.0,1.0,1.0
1759,1763.5520441274855,2478.045317853277,2228.045317853277,0.0,0.0,1.0,1.0
1760,692.0758349843301,904.5167787862465,654.5167787862465,0.0,0.0,1.0,1.0
1761,2858.0064757957434,3836.6654167242295,3586.6654167242295,0.0,0.0,1.0,1.0
1762,873.9872926312707,1119.9272828610756,869.9272828610756,0.0,0.0,1.0,1.0
1763,3238.1106576697985,4230.414502856307,3980.414502856307,0.0,0.0,1.0,1.0
1764,118.03309648025305,154.3406375040032,0.0,0.0,0.0,0.0,0.0
1765,150.86005316308274,205.80535752506708,0.0,0.0,0.0,0.0,0.0
1766,1370.158560065604,1697.4251074508093,1447.4251074508093,0.0,0.0,1.0,1.0
1767,78.38902710398598,102.62278174443335,0.0,0.0,0.0,0.0,0.0
1768,186.78340301665028,243.36198173504286,0.0,0.0,0.0,0.0,0.0
1769,462.76874540375064,613.0317217262441,363.0317217262441,0.0,0.0,1.0,1.0
1770,2025.3441716616037,2558.5103661159187,2308.5103661159187,0.0,0.0,1.0,1.0
1771,95.29789592834445,142.14876816246655,0.0,0.0,0.0,0.0,0.0
1772,1239.4853120990515,1747.0864186066276,1497.0864186066276,0.0,0.0,1.0,1.0
1773,60.09037592539178,78.93137443202299,0.0,0.0,0.0,0.0,0.0
1774,470.61913778196106,689.461658716479,439.46165871647895,0.0,0.0,1.0,1.0
1775,143.39634236901,191.56773561463137,0.0,0.0,0.0,0.0,0.0
1776,293.19156822934275,406.01894078358754,156.01894078358754,0.0,0.0,1.0,1.0
1777,496.28530449584855,634.6264905789698,384.62649057896977,0.0,0.0,1.0,1.0
1778,649.6767600310607,861.9746059544658,611.9746059544658,0.0,0.0,1.0,1.0
1779,427.02773076422346,584.2544841531658,334.2544841531658,0.0,0.0,1.0,1.0
1780,1216.165312382285,1571.5223462133263,1321.5223462133263,0.0,0.0,1.0,1.0
1781,785.9098768189677,1039.205390741227,789.2053907412269,0.0,0.0,1.0,1.0
1782,3557.6324719087934,4332.024671094958,4082.0246710949577,0.0,0.0,1.0,1.0
1783,1338.79621198123,1848.2707212532803,1598.2707212532803,0.0,0.0,1.0,1.0
1784,1508.6056111383198,1994.1159130449857,1744.1159130449857,0.0,0.0,1.0,1.0
1785,413.71121715908646,556.4249695705095,306.42496957050946,0.0,0.0,1.0,1.0
1786,223.67622574571706,275.0478942094048,0.0,25.047894209404774,275.0478942094048,1.0,0.0
1787,339.48420303345563,521.3431144028602,271.34311440286024,0.0,0.0,1.0,1.0
1788,272.9928202888264,374.66460312931406,124.66460312931406,0.0,0.0,1.0,1.0
1789,541.880302976115,801.9336223502108,551.9336223502108,0.0,0.0,1.0,1.0
1790,260.48554505598435,342.93914676740286,92.93914676740286,0.0,0.0,1.0,1.0
1791,214.5054729539242,291.2730435120316,0.0,41.27304351203162,291.2730435120316,1.0,0.0
1792,1095.948713856303,1443.950199138957,1193.950199138957,0.0,0.0,1.0,1.0
1793,1234.0921195640406,1691.1537822505993,1441.1537822505993,0.0,0.0,1.0,1.0
1794,311.359912733332,466.60177147776,216.60177147776,0.0,0.0,1.0,1.0
1795,791.7038116742692,1156.11605187952,906.11605187952,0.0,0.0,1.0,1.0
1796,153.18319465467243,190.9957443760706,0.0,0.0,0.0,0.0,0.0
1797,544.7151194396841,828.2279979161783,578.2279979161783,0.0,0.0,1.0,1.0
1798,63.24177329932331,93.31535457501855,0.0,0.0,0.0,0.0,0.0
1799,2909.8705873344056,3412.019286887969,3162.019286887969,0.0,0.0,1.0,1.0
1800,766.7511157826132,1070.9632124136538,820.9632124136538,0.0,0.0,1.0,1.0
1801,902.3414711943223,1173.4078492798549,923.4078492798549,0.0,0.0,1.0,1.0
1802,1638.794580333818,2101.2585432748665,1851.2585432748665,0.0,0.0,1.0,1.0
1803,558.5848911927412,733.0215548320115,483.0215548320115,0.0,0.0,1.0,1.0
1804,273.5398795816663,370.4760754783257,120.4760754783257,0.0,0.0,1.0,1.0
1805,251.2779999075297,332.29524299421945,82.29524299421945,0.0,0.0,1.0,1.0
1806,803.6925206364798,1192.5278194380378,942.5278194380378,0.0,0.0,1.0,1.0
1807,2421.09871449608,2957.1057631155745,2707.1057631155745,0.0,0.0,1.0,1.0
1808,703.6573377807279,931.7888816725471,681.7888816725471,0.0,0.0,1.0,1.0
1809,1247.37994524893,1671.1554099926143,1421.1554099926143,0.0,0.0,1.0,1.0
1810,70.31769534758037,90.01108422208564,0.0,0.0,0.0,0.0,0.0
1811,92.13947869530497,121.20722395054746,0.0,0.0,0.0,0.0,0.0
1812,1055.826844397519,1429.4352158518648,1179.4352158518648,0.0,0.0,1.0,1.0
1813,895177.2326590493,1308309.8877336862,1308059.8877336862,0.0,0.0,1.0,1.0
1814,481.5067032611761,599.9343745255621,349.93437452556213,0.0,0.0,1.0,1.0
1815,3895.1877302855287,5339.947678949126,5089.947678949126,0.0,0.0,1.0,1.0
1816,1042.760478960743,1364.6157856024847,1114.6157856024847,0.0,0.0,1.0,1.0
1817,542.0324943166299,769.8055109018045,519.8055109018045,0.0,0.0,1.0,1.0
1818,894.7224312303404,1275.2965832807083,1025.2965832807083,0.0,0.0,1.0,1.0
1819,1207.275126144082,1646.6326362588507,1396.6326362588507,0.0,0.0,1.0,1.0
1820,2260.14496889447,2987.4932668238876,2737.4932668238876,0.0,0.0,1.0,1.0
1821,1791.342546844193,2627.6943527756953,2377.6943527756953,0.0,0.0,1.0,1.0
1822,194.56209193161243,263.4479794233262,0.0,13.447979423326217,263.4479794233262,1.0,0.0
1823,2020.787242641648,2775.3624815911653,2525.3624815911653,0.0,0.0,1.0,1.0
1824,822.3773196991831,1185.37743353308,935.37743353308,0.0,0.0,1.0,1.0
1825,51.901192585603226,75.46213008463833,0.0,0.0,0.0,0.0,0.0
1826,233.59194331231345,318.9553795291664,0.0,68.95537952916641,318.9553795291664,1.0,0.0
1827,245.13264617749957,320.56830348842425,0.0,70.56830348842425,320.56830348842425,1.0,0.0
1828,529.7033661149757,688.4520610046463,438.45206100464634,0.0,0.0,1.0,1.0
1829,239.09816331028287,332.9733360743312,0.0,82.9733360743312,332.9733360743312,1.0,0.0
1830,478.9730817128077,613.9936835399806,363.99368353998057,0.0,0.0,1.0,1.0
1831,664.5935635185299,952.6428925925869,702.6428925925869,0.0,0.0,1.0,1.0
1832,74.74487970879395,114.05750616521556,0.0,0.0,0.0,0.0,0.0
1833,233.8096951731513,322.4097182699775,0.0,72.40971826997747,322.4097182699775,1.0,0.0
1834,755.7684851113609,1142.0938552867772,892.0938552867772,0.0,0.0,1.0,1.0
1835,2847.929634579993,3536.7754189881152,3286.7754189881152,0.0,0.0,1.0,1.0
1836,1195.5435307093128,1626.812210178275,1376.812210178275,0.0,0.0,1.0,1.0
1837,244.38171980302835,394.9549885956747,0.0,144.9549885956747,394.9549885956747,1.0,0.0
1838,2015.5321232549134,2838.257790777105,2588.257790777105,0.0,0.0,1.0,1.0
1839,156.30340366291819,223.8565407896465,0.0,0.0,0.0,0.0,0.0
1840,1412.1470718587332,1853.0819603896603,1603.0819603896603,0.0,0.0,1.0,1.0
1841,574.6724106044823,797.2077436411812,547.2077436411812,0.0,0.0,1.0,1.0
1842,545.2208249191082,751.5754177024918,501.5754177024918,0.0,0.0,1.0,1.0
1843,984.5276017782754,1353.232873334396,1103.232873334396,0.0,0.0,1.0,1.0
1844,408.6361156685389,556.3591854901524,306.3591854901524,0.0,0.0,1.0,1.0
1845,693.6751540274149,940.8236198046224,690.8236198046224,0.0,0.0,1.0,1.0
1846,337.15477195167307,477.5078863411853,227.50788634118533,0.0,0.0,1.0,1.0
1847,82.80947713061022,111.59733449766551,0.0,0.0,0.0,0.0,0.0
1848,605.8080277919655,801.1370621198917,551.1370621198917,0.0,0.0,1.0,1.0
1849,593.2875447190488,731.0948022815031,481.0948022815031,0.0,0.0,1.0,1.0
1850,1868.1981074430664,2089.4781499460314,1839.4781499460314,0.0,0.0,1.0,1.0
1851,1287.948686347855,1705.812113618851,1455.812113618851,0.0,0.0,1.0,1.0
1852,216.3320387749426,292.7143400755203,0.0,42.71434007552028,292.7143400755203,1.0,0.0
1853,1804.246869084941,2240.934401738422,1990.934401738422,0.0,0.0,1.0,1.0
1854,817.0878118824178,1139.3648268963018,889.3648268963018,0.0,0.0,1.0,1.0
1855,1505.8544152951474,1912.9273982123075,1662.9273982123075,0.0,0.0,1.0,1.0
1856,2247.091629942257,3001.0974758056473,2751.0974758056473,0.0,0.0,1.0,1.0
1857,201.9251544222618,262.79378702928705,0.0,12.793787029287046,262.79378702928705,1.0,0.0
1858,2350.9520168318663,3158.7940107351137,2908.7940107351137,0.0,0.0,1.0,1.0
1859,451.53327800258876,602.5245779817435,352.5245779817435,0.0,0.0,1.0,1.0
1860,519.3347211725031,771.1940956067369,521.1940956067369,0.0,0.0,1.0,1.0
1861,1101.8287238432617,1371.255889285317,1121.255889285317,0.0,0.0,1.0,1.0
1862,9.84583393228823,12.590779520341664,0.0,0.0,0.0,0.0,0.0
1863,1981.8944353518823,2318.930200200974,2068.930200200974,0.0,0.0,1.0,1.0
1864,536.2229314664196,729.8343130142595,479.83431301425946,0.0,0.0,1.0,1.0
1865,95.28266130825212,133.29344403600703,0.0,0.0,0.0,0.0,0.0
1866,682.1976840962927,870.0214694528769,620.0214694528769,0.0,0.0,1.0,1.0
1867,343.5986018660528,465.2697295513954,215.26972955139541,0.0,0.0,1.0,1.0
1868,1149.4615332189298,1375.2078024179318,1125.2078024179318,0.0,0.0,1.0,1.0
1869,121.94916033312758,142.8514915893437,0.0,0.0,0.0,0.0,0.0
1870,858.2199458791669,1149.865848984285,899.8658489842851,0.0,0.0,1.0,1.0
1871,846.3887933944058,1068.8821999443126,818.8821999443126,0.0,0.0,1.0,1.0
1872,1370.4163180519893,1637.3785200560399,1387.3785200560399,0.0,0.0,1.0,1.0
1873,2157.570417563301,2700.600919052669,2450.600919052669,0.0,0.0,1.0,1.0
1874,424.9135300966253,588.2465400073825,338.24654000738246,0.0,0.0,1.0,1.0
1875,451.04611946571544,584.1268829794719,334.12688297947193,0.0,0.0,1.0,1.0
1876,818.2996991174952,1035.5045296685323,785.5045296685323,0.0,0.0,1.0,1.0
1877,1199.1082805204337,1387.4076469083732,1137.4076469083732,0.0,0.0,1.0,1.0
1878,220.22435618458155,285.8469031210398,0.0,35.846903121039816,285.8469031210398,1.0,0.0
1879,891.773706052277,1204.888404383499,954.8884043834989,0.0,0.0,1.0,1.0
1880,622.9200804094802,825.9326038995218,575.9326038995218,0.0,0.0,1.0,1.0
1881,2113.975369419963,2593.48776579855,2343.48776579855,0.0,0.0,1.0,1.0
1882,738.952145042776,955.0892806698001,705.0892806698001,0.0,0.0,1.0,1.0
1883,10.728197888046964,15.903522868868299,0.0,0.0,0.0,0.0,0.0
1884,1997.3212397490424,2353.462358446161,2103.462358446161,0.0,0.0,1.0,1.0
1885,920.4954895721011,1243.6264146250467,993.6264146250467,0.0,0.0,1.0,1.0
1886,1214.4009266813225,1483.611795855017,1233.611795855017,0.0,0.0,1.0,1.0
1887,94.23511451660528,132.77626314485008,0.0,0.0,0.0,0.0,0.0
1888,259.2949769576521,331.0018918031201,81.00189180312009,0.0,0.0,1.0,1.0
1889,567.8931468480408,713.5030451290677,463.5030451290677,0.0,0.0,1.0,1.0
1890,2201.2365905138167,2792.9628972335117,2542.9628972335117,0.0,0.0,1.0,1.0
1891,522.9683684593754,656.318708364782,406.31870836478197,0.0,0.0,1.0,1.0
1892,249.52789322601637,314.4052960943317,0.0,64.40529609433167,314.4052960943317,1.0,0.0
1893,441.7458215578272,613.1798631732934,363.17986317329337,0.0,0.0,1.0,1.0
1894,223.98255922472165,313.30798025264556,0.0,63.307980252645564,313.30798025264556,1.0,0.0
1895,606.0573840649438,853.5911478105386,603.5911478105386,0.0,0.0,1.0,1.0
1896,1120.1368290218836,1451.585438364845,1201.585438364845,0.0,0.0,1.0,1.0
1897,19.528160583970113,24.28802685284249,0.0,0.0,0.0,0.0,0.0
1898,1002.6994019855701,1398.9916256990045,1148.9916256990045,0.0,0.0,1.0,1.0
1899,1978.5854571886173,2258.3424954684574,2008.3424954684574,0.0,0.0,1.0,1.0
1900,50.10356406692633,65.1854787612673,0.0,0.0,0.0,0.0,0.0
1901,1654.5167297871524,1834.9609287587607,1584.9609287587607,0.0,0.0,1.0,1.0
1902,653.8602947087695,902.7661643241612,652.7661643241612,0.0,0.0,1.0,1.0
1903,137.9001624039605,198.2171133031891,0.0,0.0,0.0,0.0,0.0
1904,766.8296094383434,982.6026918073208,732.6026918073208,0.0,0.0,1.0,1.0
1905,921.7998929812807,1329.6147360228306,1079.6147360228306,0.0,0.0,1.0,1.0
1906,1853.9742466122837,2434.353597974618,2184.353597974618,0.0,0.0,1.0,1.0
1907,302.54341768171787,440.0816980237974,190.0816980237974,0.0,0.0,1.0,1.0
1908,408.021290550941,527.8409720719341,277.84097207193406,0.0,0.0,1.0,1.0
1909,595.3431178876793,823.3015289457849,573.3015289457849,0.0,0.0,1.0,1.0
1910,840.5815984079384,1090.2747492368076,840.2747492368076,0.0,0.0,1.0,1.0
1911,217.29210577779705,270.9516437527788,0.0,20.951643752778807,270.9516437527788,1.0,0.0
1912,305.00673474548177,381.8350004742144,131.83500047421438,0.0,0.0,1.0,1.0
1913,1042.784100426765,1450.1518031249227,1200.1518031249227,0.0,0.0,1.0,1.0
1914,1189.8040058822241,1444.5245550167451,1194.5245550167451,0.0,0.0,1.0,1.0
1915,79.83067912956619,101.42759337677816,0.0,0.0,0.0,0.0,0.0
1916,2395.390491810354,2801.498675597811,2551.498675597811,0.0,0.0,1.0,1.0
1917,919933.8158726915,1353000.9137454089,1352750.9137454089,0.0,0.0,1.0,1.0
1918,957.4750073826364,1128.835813801503,878.835813801503,0.0,0.0,1.0,1.0
1919,109.2747435272099,136.6982646776655,0.0,0.0,0.0,0.0,0.0
1920,270.87537544889784,363.9076402409069,113.90764024090691,0.0,0.0,1.0,1.0
1921,356.4722250472064,469.2703811717681,219.27038117176812,0.0,0.0,1.0,1.0
1922,3297.6471670910155,3399.428308767476,3149.428308767476,0.0,0.0,1.0,1.0
1923,2562.1405645711357,3182.7044385824065,2932.7044385824065,0.0,0.0,1.0,1.0
1924,1111.8893181728436,1384.6561976305557,1134.6561976305557,0.0,0.0,1.0,1.0
1925,262.74938858217274,363.6548769755551,113.65487697555511,0.0,0.0,1.0,1.0
1926,1033.1758193356136,1382.4576313116468,1132.4576313116468,0.0,0.0,1.0,1.0
1927,1056.9462840080723,1449.6222299568963,1199.6222299568963,0.0,0.0,1.0,1.0
1928,319.4078604145062,450.7651738826658,200.7651738826658,0.0,0.0,1.0,1.0
1929,542.8913802667868,657.5918984678108,407.5918984678108,0.0,0.0,1.0,1.0
1930,923.1682254288886,1262.2202454116793,1012.2202454116793,0.0,0.0,1.0,1.0
1931,1079.999294694338,1488.6569655854407,1238.6569655854407,0.0,0.0,1.0,1.0
1932,161.08005249061978,234.00224174147587,0.0,0.0,0.0,0.0,0.0
1933,1458.034569400448,1653.9373905399311,1403.9373905399311,0.0,0.0,1.0,1.0
1934,963.3196660048919,1357.4480600584952,1107.4480600584952,0.0,0.0,1.0,1.0
1935,61.778033584598326,84.7012586607037,0.0,0.0,0.0,0.0,0.0
1936,290.6623676318387,394.8422323251695,144.8422323251695,0.0,0.0,1.0,1.0
1937,707.8568945789783,922.4292104418987,672.4292104418987,0.0,0.0,1.0,1.0
1938,427.8651454634528,601.1123584192549,351.11235841925486,0.0,0.0,1.0,1.0
1939,325.3689124239069,417.7802032239576,167.78020322395759,0.0,0.0,1.0,1.0
1940,1083.715472050978,1337.7159455740714,1087.7159455740714,0.0,0.0,1.0,1.0
1941,441.20581549374435,551.8092445606031,301.80924456060313,0.0,0.0,1.0,1.0
1942,472.30241523647595,575.6658835212043,325.66588352120425,0.0,0.0,1.0,1.0
1943,49.3162304646082,62.75116152399981,0.0,0.0,0.0,0.0,0.0
1944,2780.0002712195383,3307.5007663721285,3057.5007663721285,0.0,0.0,1.0,1.0
1945,435.34684705228716,562.8035118939142,312.8035118939142,0.0,0.0,1.0,1.0
1946,160.51940301889783,183.52526117264006,0.0,0.0,0.0,0.0,0.0
1947,1261.9971322203098,1663.7574815301407,1413.7574815301407,0.0,0.0,1.0,1.0
1948,1677.3446647284015,2104.139791896449,1854.139791896449,0.0,0.0,1.0,1.0
1949,1746.2133742590793,2158.0496592694267,1908.0496592694267,0.0,0.0,1.0,1.0
1950,1506.0571736954564,1811.719560909634,1561.719560909634,0.0,0.0,1.0,1.0
1951,785.6101362562221,1018.7186149773368,768.7186149773368,0.0,0.0,1.0,1.0
1952,1039.34409729136,1427.526007269864,1177.526007269864,0.0,0.0,1.0,1.0
1953,436.9914258217217,560.725970610135,310.72597061013505,0.0,0.0,1.0,1.0
1954,173.12966495336195,228.58218538015234,0.0,0.0,0.0,0.0,0.0
1955,389.30976430976426,547.8462240069177,297.84622400691774,0.0,0.0,1.0,1.0
1956,281.9482624938324,361.21481703179467,111.21481703179467,0.0,0.0,1.0,1.0
1957,254.53280503635577,359.3906531475883,109.3906531475883,0.0,0.0,1.0,1.0
1958,1144.0051948731136,1489.6279335030092,1239.6279335030092,0.0,0.0,1.0,1.0
1959,3603.907081120109,4701.88285363895,4451.88285363895,0.0,0.0,1.0,1.0
1960,2717.4685472913434,3343.868618142796,3093.868618142796,0.0,0.0,1.0,1.0
1961,215.531176584693,266.943964821639,0.0,16.943964821638986,266.943964821639,1.0,0.0
1962,1333.7008420097982,1495.427315586119,1245.427315586119,0.0,0.0,1.0,1.0
1963,181.54770486323582,262.22468336369485,0.0,12.22468336369485,262.22468336369485,1.0,0.0
1964,565.6127415915012,847.3196455213342,597.3196455213342,0.0,0.0,1.0,1.0
1965,429.7434002157312,600.9913352074248,350.99133520742475,0.0,0.0,1.0,1.0
1966,658.3427253620149,782.6106255161435,532.6106255161435,0.0,0.0,1.0,1.0
1967,422.5335109315456,536.1300600465667,286.13006004656665,0.0,0.0,1.0,1.0
1968,1610.892208758743,1990.81834578922,1740.81834578922,0.0,0.0,1.0,1.0
1969,73.12026089309087,102.17322448479152,0.0,0.0,0.0,0.0,0.0
1970,107.80223581837089,135.06859642854073,0.0,0.0,0.0,0.0,0.0
1971,1362.1547991632478,1785.668732940486,1535.668732940486,0.0,0.0,1.0,1.0
1972,486.339670198268,661.7733800219248,411.7733800219248,0.0,0.0,1.0,1.0
1973,58.260232924411234,72.05285797661163,0.0,0.0,0.0,0.0,0.0
1974,135.60727358670584,165.9497243456543,0.0,0.0,0.0,0.0,0.0
1975,1657.8805776747565,1860.5224529675902,1610.5224529675902,0.0,0.0,1.0,1.0
1976,197.1279495269448,261.5919660976812,0.0,11.591966097681222,261.5919660976812,1.0,0.0
1977,525.5491989128639,752.8165324655971,502.8165324655971,0.0,0.0,1.0,1.0
1978,1387.2088248676603,1835.379659294803,1585.379659294803,0.0,0.0,1.0,1.0
1979,150.84370114414946,219.11787837549136,0.0,0.0,0.0,0.0,0.0
1980,301.84487588138705,386.6084004850647,136.6084004850647,0.0,0.0,1.0,1.0
1981,1481.4847572907845,1927.696977543769,1677.696977543769,0.0,0.0,1.0,1.0
1982,1064.7380644853135,1239.6828265695312,989.6828265695312,0.0,0.0,1.0,1.0
1983,71.2539266003123,95.06981519786066,0.0,0.0,0.0,0.0,0.0
1984,1131.4800807122458,1433.2446402622304,1183.2446402622304,0.0,0.0,1.0,1.0
1985,297.14969765018265,419.1899154883188,169.18991548831877,0.0,0.0,1.0,1.0
1986,693.035420507238,929.6378559976658,679.6378559976658,0.0,0.0,1.0,1.0
1987,213.2278824532837,259.8034468831853,0.0,9.803446883185302,259.8034468831853,1.0,0.0
1988,518.7798298402158,700.0222607078905,450.0222607078905,0.0,0.0,1.0,1.0
1989,878.1666331397621,1079.8810624020575,829.8810624020575,0.0,0.0,1.0,1.0
1990,503.69972385403366,606.1542484281588,356.1542484281588,0.0,0.0,1.0,1.0
1991,492.0714979886578,619.183065343163,369.183065343163,0.0,0.0,1.0,1.0
1992,148.9618423600663,207.30882054608105,0.0,0.0,0.0,0.0,0.0
1993,1632.8151719420573,2008.7870862136128,1758.7870862136128,0.0,0.0,1.0,1.0
1994,338.4920895424408,414.3942999436173,164.39429994361728,0.0,0.0,1.0,1.0
1995,1334.6127968410485,1593.7850286947162,1343.7850286947162,0.0,0.0,1.0,1.0
1996,3078.7897516064236,3633.238636744511,3383.238636744511,0.0,0.0,1.0,1.0
1997,201.8643768871663,289.5412371487503,0.0,39.54123714875033,289.5412371487503,1.0,0.0
1998,847.8357403036736,1150.5014028926482,900.5014028926482,0.0,0.0,1.0,1.0
1999,343.8549678692093,423.75087322947803,173.75087322947803,0.0,0.0,1.0,1.0
2000,606.7832589462005,707.3930432946999,457.39304329469985,0.0,0.0,1.0,1.0
2001,40.38478624332641,53.628864127250566,0.0,0.0,0.0,0.0,0.0
2002,860.0394581958651,1101.2426793897787,851.2426793897787,0.0,0.0,1.0,1.0
2003,66.89201844435922,91.0643141718839,0.0,0.0,0.0,0.0,0.0
2004,947.0513184763328,1236.1196952756616,986.1196952756616,0.0,0.0,1.0,1.0
2005,2707.3516266282036,3484.001375579853,3234.001375579853,0.0,0.0,1.0,1.0
2006,490.36914989604173,706.8819672053893,456.8819672053893,0.0,0.0,1.0,1.0
2007,247.2413774569612,358.6842525916887,0.0,108.68425259168868,358.6842525916887,1.0,0.0
2008,779.7705246741673,983.7338961483624,733.7338961483624,0.0,0.0,1.0,1.0
2009,1995.2025966614353,2388.11227062782,2138.11227062782,0.0,0.0,1.0,1.0
2010,295.38380749727867,409.5802333545455,159.5802333545455,0.0,0.0,1.0,1.0
2011,102.5534790755009,130.55665440739682,0.0,0.0,0.0,0.0,0.0
2012,1983.893475007986,2583.3080354015365,2333.3080354015365,0.0,0.0,1.0,1.0
2013,80.66687303941686,105.49691685260497,0.0,0.0,0.0,0.0,0.0
2014,1829.2256457435535,2247.844713598138,1997.8447135981378,0.0,0.0,1.0,1.0
2015,934030.829503699,1422654.2875984558,1422404.2875984558,0.0,0.0,1.0,1.0
2016,432.9383852913513,626.0344240678934,376.0344240678934,0.0,0.0,1.0,1.0
2017,2666.1674021338818,3521.107474372206,3271.107474372206,0.0,0.0,1.0,1.0
2018,1704.433807715983,2128.1989066208675,1878.1989066208675,0.0,0.0,1.0,1.0
2019,690.4532980480782,861.0364308369275,611.0364308369275,0.0,0.0,1.0,1.0
2020,31.320209469560933,42.99669785360485,0.0,0.0,0.0,0.0,0.0
2021,297.35986916165757,407.2786513258375,157.27865132583747,0.0,0.0,1.0,1.0
2022,516.4388955954217,729.3342014436258,479.33420144362583,0.0,0.0,1.0,1.0
2023,251.74819757973157,304.3473680390782,54.34736803907822,0.0,0.0,1.0,1.0
2024,251.01964178493037,318.4595728310674,68.45957283106742,0.0,0.0,1.0,1.0
2025,284.1904834080123,388.5166004509671,138.51660045096708,0.0,0.0,1.0,1.0
2026,84.86776011703263,123.72639145792994,0.0,0.0,0.0,0.0,0.0
2027,1499.2297970866373,1857.4911834573402,1607.4911834573402,0.0,0.0,1.0,1.0
2028,102.88431500558382,120.19664170583071,0.0,0.0,0.0,0.0,0.0
2029,1526.7856147819596,1999.019459068253,1749.019459068253,0.0,0.0,1.0,1.0
2030,793.8553533687304,959.7287831386872,709.7287831386872,0.0,0.0,1.0,1.0
2031,1392.9665902320899,1745.3764307051993,1495.3764307051993,0.0,0.0,1.0,1.0
2032,748.5549634618388,1036.7147261570638,786.7147261570638,0.0,0.0,1.0,1.0
2033,1214.1007596187937,1519.4952586369184,1269.4952586369184,0.0,0.0,1.0,1.0
2034,82.82696721812171,114.7015894772762,0.0,0.0,0.0,0.0,0.0
2035,646.1437066679877,894.6464357286001,644.6464357286001,0.0,0.0,1.0,1.0
2036,786.3315415727437,943.764920257914,693.764920257914,0.0,0.0,1.0,1.0
2037,570.2317114627539,826.6190406927068,576.6190406927068,0.0,0.0,1.0,1.0
2038,1213.5244616461835,1554.5338737058164,1304.5338737058164,0.0,0.0,1.0,1.0
2039,800.3176325565055,988.701834491313,738.701834491313,0.0,0.0,1.0,1.0
2040,172.32500902172106,219.92522542335607,0.0,0.0,0.0,0.0,0.0
2041,658.639186656186,940.503153769182,690.503153769182,0.0,0.0,1.0,1.0
2042,411.59327757750253,513.8127916827494,263.81279168274943,0.0,0.0,1.0,1.0
2043,2721.987402027661,3017.34731370922,2767.34731370922,0.0,0.0,1.0,1.0
2044,187.90418974147516,248.58444966164896,0.0,0.0,0.0,0.0,0.0
2045,383.31423314547663,457.9985931222704,207.9985931222704,0.0,0.0,1.0,1.0
2046,694.7383047122205,911.1566996247691,661.1566996247691,0.0,0.0,1.0,1.0
2047,359.1825006285694,488.6391399951137,238.63913999511368,0.0,0.0,1.0,1.0
2048,2218.1733507991494,2659.3140821926504,2409.3140821926504,0.0,0.0,1.0,1.0
2049,77.30036215219668,93.5901290490892,0.0,0.0,0.0,0.0,0.0
2050,1913.548904765063,2366.472463538172,2116.472463538172,0.0,0.0,1.0,1.0
2051,349.8618045871881,440.2521261033033,190.25212610330328,0.0,0.0,1.0,1.0
2052,369.0585527210687,510.7624954396205,260.7624954396205,0.0,0.0,1.0,1.0
2053,1045.914535430355,1427.7284612352735,1177.7284612352735,0.0,0.0,1.0,1.0
2054,1996.2802644405922,2519.4981159752974,2269.4981159752974,0.0,0.0,1.0,1.0
2055,128.78728526061715,187.81238481818588,0.0,0.0,0.0,0.0,0.0
2056,136.6887158583319,172.30557162373384,0.0,0.0,0.0,0.0,0.0
2057,498.1805809209557,685.7889929407507,435.78899294075075,0.0,0.0,1.0,1.0
2058,279.5892833427695,347.8347288131382,97.83472881313821,0.0,0.0,1.0,1.0
2059,908.6690897842393,1019.2574600971548,769.2574600971548,0.0,0.0,1.0,1.0
2060,1848.8087814972134,2482.671416125028,2232.671416125028,0.0,0.0,1.0,1.0
2061,71.74527557360348,96.33102643460981,0.0,0.0,0.0,0.0,0.0
2062,1686.3601187382328,2321.5155998692953,2071.5155998692953,0.0,0.0,1.0,1.0
2063,691.0878128696811,855.1931604669354,605.1931604669354,0.0,0.0,1.0,1.0
2064,269.7775476598354,368.0707148782677,118.07071487826772,0.0,0.0,1.0,1.0
2065,1053.6285735102083,1476.0645919584315,1226.0645919584315,0.0,0.0,1.0,1.0
2066,1617.546788102494,2186.3814248678113,1936.3814248678113,0.0,0.0,1.0,1.0
2067,1039.2151511270763,1330.9313830931383,1080.9313830931383,0.0,0.0,1.0,1.0
2068,592.5774565145207,747.6529498131513,497.6529498131513,0.0,0.0,1.0,1.0
2069,195.91653955414992,223.63216980710126,0.0,0.0,0.0,0.0,0.0
2070,1129.879092757984,1383.3723627127558,1133.3723627127558,0.0,0.0,1.0,1.0
2071,1196.501699935434,1665.5863924734351,1415.5863924734351,0.0,0.0,1.0,1.0
2072,184.33059801183185,274.46801640350026,0.0,24.468016403500258,274.46801640350026,1.0,0.0
2073,775.106244920286,1134.2148883527473,884.2148883527473,0.0,0.0,1.0,1.0
2074,610.2633145372232,682.7394025715117,432.73940257151173,0.0,0.0,1.0,1.0
2075,9.95739231827012,12.815846537927218,0.0,0.0,0.0,0.0,0.0
2076,278.70737583586407,372.5710437784775,122.57104377847747,0.0,0.0,1.0,1.0
2077,755.1226185875653,1068.3869791908069,818.3869791908069,0.0,0.0,1.0,1.0
2078,267.6240746382958,355.37331283102685,105.37331283102685,0.0,0.0,1.0,1.0
2079,2446.2238457900485,3064.6465295067082,2814.6465295067082,0.0,0.0,1.0,1.0
2080,1417.2518198801777,1660.4838800979685,1410.4838800979685,0.0,0.0,1.0,1.0
2081,150.12165215311978,200.8210712943492,0.0,0.0,0.0,0.0,0.0
2082,1654.9003253534038,2158.394499835243,1908.394499835243,0.0,0.0,1.0,1.0
2083,102.32366818071587,136.19376559418615,0.0,0.0,0.0,0.0,0.0
2084,1886.6525331309272,2349.129532088702,2099.129532088702,0.0,0.0,1.0,1.0
2085,312.9040626050374,406.22547086118493,156.22547086118493,0.0,0.0,1.0,1.0
2086,2383.2699171164795,3126.596189267417,2876.596189267417,0.0,0.0,1.0,1.0
2087,691.4883028467316,911.3139628487675,661.3139628487675,0.0,0.0,1.0,1.0
2088,341.01383412886514,434.3532543917585,184.35325439175853,0.0,0.0,1.0,1.0
2089,98.09499519334523,122.20427177252407,0.0,0.0,0.0,0.0,0.0
2090,653.7822356821691,864.6103814605223,614.6103814605223,0.0,0.0,1.0,1.0
2091,910.489564030696,1134.4445733586006,884.4445733586006,0.0,0.0,1.0,1.0
2092,587.3628874759548,783.7824219996528,533.7824219996528,0.0,0.0,1.0,1.0
2093,175.5726767603743,236.32610221798998,0.0,0.0,0.0,0.0,0.0
2094,303.55224672726615,377.30567236479374,127.30567236479374,0.0,0.0,1.0,1.0
2095,1520.1216936042713,1802.7090365452636,1552.7090365452636,0.0,0.0,1.0,1.0
2096,258.4572377331026,350.0150506471778,100.01505064717782,0.0,0.0,1.0,1.0
2097,444.71306910638947,567.4468631150511,317.4468631150511,0.0,0.0,1.0,1.0
2098,297.02919592148186,395.07329972031533,145.07329972031533,0.0,0.0,1.0,1.0
2099,137.3682981441543,172.43269274587976,0.0,0.0,0.0,0.0,0.0
2100,380.66349647435476,485.5299303647863,235.5299303647863,0.0,0.0,1.0,1.0
2101,278.5296420197776,350.50077798654826,100.50077798654826,0.0,0.0,1.0,1.0
2102,525.3246910686721,656.334447839713,406.334447839713,0.0,0.0,1.0,1.0
2103,1182.49131383011,1428.825244732915,1178.825244732915,0.0,0.0,1.0,1.0
2104,197.8111101708978,301.42019146880386,0.0,51.420191468803864,301.42019146880386,1.0,0.0
2105,295.6314841414097,393.52608874420395,143.52608874420395,0.0,0.0,1.0,1.0
2106,518.6894170760855,678.7391741101729,428.73917411017294,0.0,0.0,1.0,1.0
2107,1955.4929797802029,2499.1467199056324,2249.1467199056324,0.0,0.0,1.0,1.0
2108,583.2469467572571,856.0440749636181,606.0440749636181,0.0,0.0,1.0,1.0
2109,497.53622014904624,597.6564834595639,347.6564834595639,0.0,0.0,1.0,1.0
2110,1050.7633119227305,1286.0295175606695,1036.0295175606695,0.0,0.0,1.0,1.0
2111,264.1613334864114,335.43582790077807,85.43582790077807,0.0,0.0,1.0,1.0
2112,340.3749694436107,437.9904995878908,187.99049958789078,0.0,0.0,1.0,1.0
2113,39.06322480592902,47.54936515653845,0.0,0.0,0.0,0.0,0.0
2114,382.38368182540165,468.77422751416236,218.77422751416236,0.0,0.0,1.0,1.0
2115,2668.485189907196,3217.5386104633258,2967.5386104633258,0.0,0.0,1.0,1.0
2116,215.42504900919866,289.98515552180066,0.0,39.985155521800664,289.98515552180066,1.0,0.0
2117,1596.731164026936,1783.7793520338407,1533.7793520338407,0.0,0.0,1.0,1.0
2118,49.86814861506177,64.4618147547937,0.0,0.0,0.0,0.0,0.0
2119,561.7252872080588,743.9174416954705,493.91744169547053,0.0,0.0,1.0,1.0
2120,173.07290950832024,230.48003568373258,0.0,0.0,0.0,0.0,0.0
2121,570.8927176290614,783.0092786599522,533.0092786599522,0.0,0.0,1.0,1.0
2122,657.4390933688198,987.4727168098502,737.4727168098502,0.0,0.0,1.0,1.0
2123,1016.2260924954322,1235.6955500947154,985.6955500947154,0.0,0.0,1.0,1.0
2124,188.08266442082035,247.66234266561733,0.0,0.0,0.0,0.0,0.0
2125,566.9620320791479,775.7546825000187,525.7546825000187,0.0,0.0,1.0,1.0
2126,3299.3267016866625,4028.939295396074,3778.939295396074,0.0,0.0,1.0,1.0
2127,146.27695884351488,179.39343491785573,0.0,0.0,0.0,0.0,0.0
2128,2146.5169542641634,2523.7452884830145,2273.7452884830145,0.0,0.0,1.0,1.0
2129,30.65654047072096,40.66622114562168,0.0,0.0,0.0,0.0,0.0
2130,255.14597539117062,354.69273264148546,104.69273264148546,0.0,0.0,1.0,1.0
2131,626.8121949345486,780.8770760939522,530.8770760939522,0.0,0.0,1.0,1.0
2132,307.64655512769895,401.04163881655285,151.04163881655285,0.0,0.0,1.0,1.0
2133,629.0613080943637,924.2114206588816,674.2114206588816,0.0,0.0,1.0,1.0
2134,98.6095073370404,125.81275036737324,0.0,0.0,0.0,0.0,0.0
2135,1321.2657726101604,1791.6752391241137,1541.6752391241137,0.0,0.0,1.0,1.0
2136,1832.1791354137745,2405.3466576749006,2155.3466576749006,0.0,0.0,1.0,1.0
2137,482.4447784267476,641.7365950293316,391.7365950293316,0.0,0.0,1.0,1.0
2138,2290.4287658666153,3096.833609237968,2846.833609237968,0.0,0.0,1.0,1.0
2139,72.93170883161318,97.67914354926936,0.0,0.0,0.0,0.0,0.0
2140,418.9062358182785,528.3377738865282,278.3377738865282,0.0,0.0,1.0,1.0
2141,748.7079440052025,1014.839858270365,764.839858270365,0.0,0.0,1.0,1.0
2142,281.27636965965564,380.97065679341233,130.97065679341233,0.0,0.0,1.0,1.0
2143,979.5203423327565,1092.03616566831,842.0361656683101,0.0,0.0,1.0,1.0
2144,153.77092437853483,207.1333980510128,0.0,0.0,0.0,0.0,0.0
2145,779.2252477076104,956.9889399421083,706.9889399421083,0.0,0.0,1.0,1.0
2146,1488.085396260607,1957.599837591717,1707.599837591717,0.0,0.0,1.0,1.0
2147,126.49968006122586,179.5684073329752,0.0,0.0,0.0,0.0,0.0
2148,221.51971756236009,255.64250951469464,0.0,5.642509514694638,255.64250951469464,1.0,0.0
2149,518.2441497080233,637.1754612909897,387.1754612909897,0.0,0.0,1.0,1.0
2150,925141.6890902881,1378710.5705133064,1378460.5705133064,0.0,0.0,1.0,1.0
2151,1209.3684314170375,1519.589253679961,1269.589253679961,0.0,0.0,1.0,1.0
2152,317.0723270802827,364.5792479282508,114.57924792825082,0.0,0.0,1.0,1.0
2153,9.712170126141665,11.70322950618223,0.0,0.0,0.0,0.0,0.0
2154,1463.9190349680773,1714.7066281863958,1464.7066281863958,0.0,0.0,1.0,1.0
2155,2426.141969934413,3084.7934442973387,2834.7934442973387,0.0,0.0,1.0,1.0
2156,526.4005676703722,705.7979893226881,455.79798932268807,0.0,0.0,1.0,1.0
2157,78.87469473028304,99.27381206474638,0.0,0.0,0.0,0.0,0.0
2158,168.32519586214588,236.0299758069275,0.0,0.0,0.0,0.0,0.0
2159,164.7092107328397,204.43995478269235,0.0,0.0,0.0,0.0,0.0
2160,581.7146384051948,696.0321448879389,446.0321448879389,0.0,0.0,1.0,1.0
2161,491.87058383030666,596.3225155561073,346.3225155561073,0.0,0.0,1.0,1.0
2162,892584.1136557104,1188229.922490002,1187979.922490002,0.0,0.0,1.0,1.0
2163,370.15728511840797,487.8660737932284,237.8660737932284,0.0,0.0,1.0,1.0
2164,2264.45448615472,2804.759439550457,2554.759439550457,0.0,0.0,1.0,1.0
2165,1410.3477983268244,1850.2183687958523,1600.2183687958523,0.0,0.0,1.0,1.0
2166,550.7983251932305,628.0339181628491,378.0339181628491,0.0,0.0,1.0,1.0
2167,105.74513308024997,151.9236188813712,0.0,0.0,0.0,0.0,0.0
2168,308.8566128193428,396.15752756809115,146.15752756809115,0.0,0.0,1.0,1.0
2169,938.7007762333342,1139.8609369656901,889.8609369656901,0.0,0.0,1.0,1.0
2170,261.60425069535347,301.39481213415513,51.39481213415513,0.0,0.0,1.0,1.0
2171,19.55959613345904,24.433688191931505,0.0,0.0,0.0,0.0,0.0
2172,89.03671181487486,113.24030851692942,0.0,0.0,0.0,0.0,0.0
2173,644.045742530161,911.8588009829529,661.8588009829529,0.0,0.0,1.0,1.0
2174,226.64283679125546,323.8626637241431,0.0,73.86266372414309,323.8626637241431,1.0,0.0
2175,826.8414656014025,1010.1268256825354,760.1268256825354,0.0,0.0,1.0,1.0
2176,207.0534227409732,258.62419318488304,0.0,8.62419318488304,258.62419318488304,1.0,0.0
2177,520.893129738533,723.1244880942719,473.1244880942719,0.0,0.0,1.0,1.0
2178,739.8685570660617,953.8461119188522,703.8461119188522,0.0,0.0,1.0,1.0
2179,1667.113483118223,2248.5344644879683,1998.5344644879683,0.0,0.0,1.0,1.0
2180,1663.4625475314886,2204.644253276634,1954.6442532766341,0.0,0.0,1.0,1.0
2181,1113.4999014980856,1450.2292477772448,1200.2292477772448,0.0,0.0,1.0,1.0
2182,426.8265989581053,632.2208947384631,382.22089473846313,0.0,0.0,1.0,1.0
2183,166.57505038895275,229.3919965132417,0.0,0.0,0.0,0.0,0.0
2184,1108.2512933914043,1402.090818794831,1152.090818794831,0.0,0.0,1.0,1.0
2185,298.025876593445,373.2081344444984,123.2081344444984,0.0,0.0,1.0,1.0
2186,452.3638770894246,670.3130607230062,420.3130607230062,0.0,0.0,1.0,1.0
2187,102.07641997579861,118.38815601836954,0.0,0.0,0.0,0.0,0.0
2188,1104.407532690463,1403.523780371252,1153.523780371252,0.0,0.0,1.0,1.0
2189,2081.6862078826516,2380.983875448088,2130.983875448088,0.0,0.0,1.0,1.0
2190,9.768296018442543,12.199778696014452,0.0,0.0,0.0,0.0,0.0
2191,302.7715709605731,386.97693617460396,136.97693617460396,0.0,0.0,1.0,1.0
2192,61.195078691771606,81.23674825544082,0.0,0.0,0.0,0.0,0.0
2193,1404.7990414312424,1674.9201641914383,1424.9201641914383,0.0,0.0,1.0,1.0
2194,462.12904953708323,608.7496696841281,358.7496696841281,0.0,0.0,1.0,1.0
2195,3308.4067588803964,4086.8761691546033,3836.8761691546033,0.0,0.0,1.0,1.0
2196,564.1354050335503,754.8404141557739,504.84041415577394,0.0,0.0,1.0,1.0
2197,464.560868559893,628.9173331046361,378.9173331046361,0.0,0.0,1.0,1.0
2198,316.66948150650234,442.7351587795858,192.7351587795858,0.0,0.0,1.0,1.0
2199,884.2778592804962,1158.1325322218981,908.1325322218981,0.0,0.0,1.0,1.0
2200,10.380723411853124,14.39395684115981,0.0,0.0,0.0,0.0,0.0
2201,876.3162769647511,1237.1886375969098,987.1886375969098,0.0,0.0,1.0,1.0
2202,1565.7625756465884,2022.7796103815274,1772.7796103815274,0.0,0.0,1.0,1.0
2203,262.1757969387951,340.2896388349006,90.28963883490059,0.0,0.0,1.0,1.0
2204,573.1406526688592,695.5462256423908,445.5462256423908,0.0,0.0,1.0,1.0
2205,411.80700915617734,516.5653694576315,266.5653694576315,0.0,0.0,1.0,1.0
2206,266.490099892789,349.57419174413315,99.57419174413315,0.0,0.0,1.0,1.0
2207,917.7395860567611,1212.993131073781,962.9931310737809,0.0,0.0,1.0,1.0
2208,376.3776767173845,541.9794016857107,291.97940168571074,0.0,0.0,1.0,1.0
2209,1094.610499423572,1275.3654390006752,1025.3654390006752,0.0,0.0,1.0,1.0
2210,613.0759418244711,829.164478593737,579.164478593737,0.0,0.0,1.0,1.0
2211,47.848080430709274,58.68028049174075,0.0,0.0,0.0,0.0,0.0
2212,1806.4521956297403,2170.939799839351,1920.939799839351,0.0,0.0,1.0,1.0
2213,171.71803897999482,240.3730589875487,0.0,0.0,0.0,0.0,0.0
2214,224.6188371482801,290.92832583972495,0.0,40.92832583972495,290.92832583972495,1.0,0.0
2215,1228.4137256136648,1515.0377040685764,1265.0377040685764,0.0,0.0,1.0,1.0
2216,349.25118363408956,510.7965632968726,260.7965632968726,0.0,0.0,1.0,1.0
2217,430.0401473194677,561.1169969018325,311.1169969018325,0.0,0.0,1.0,1.0
2218,1413.439024588046,2008.9860960048347,1758.9860960048347,0.0,0.0,1.0,1.0
2219,658.4225411463441,790.1717225500421,540.1717225500421,0.0,0.0,1.0,1.0
2220,198.66829504960435,262.4236899533162,0.0,12.423689953316227,262.4236899533162,1.0,0.0
2221,1005.8496443378524,1308.0943790094454,1058.0943790094454,0.0,0.0,1.0,1.0
2222,478.4894089359891,588.2756659770768,338.27566597707676,0.0,0.0,1.0,1.0
2223,1037.9832677097245,1584.8474496282652,1334.8474496282652,0.0,0.0,1.0,1.0
2224,20.748954252705662,29.092517113673193,0.0,0.0,0.0,0.0,0.0
2225,2134.868602280866,2743.6744291018304,2493.6744291018304,0.0,0.0,1.0,1.0
2226,223.85553855911655,323.870655313715,0.0,73.87065531371502,323.870655313715,1.0,0.0
2227,1148.4738299651992,1558.763929614456,1308.763929614456,0.0,0.0,1.0,1.0
2228,104.36006880174718,124.63289945977303,0.0,0.0,0.0,0.0,0.0
2229,601.8181242279306,805.84848069286,555.84848069286,0.0,0.0,1.0,1.0
2230,1829.2860846319768,2371.5886588593385,2121.5886588593385,0.0,0.0,1.0,1.0
2231,122.5187402623126,163.5554780181438,0.0,0.0,0.0,0.0,0.0
2232,319.9157899082048,427.6009517569571,177.6009517569571,0.0,0.0,1.0,1.0
2233,1062.861904478475,1357.3641074923783,1107.3641074923783,0.0,0.0,1.0,1.0
2234,107.03268992415663,153.4780426638263,0.0,0.0,0.0,0.0,0.0
2235,357.6650326071288,517.574395437817,267.574395437817,0.0,0.0,1.0,1.0
2236,899.2722096978754,1132.9792013668678,882.9792013668678,0.0,0.0,1.0,1.0
2237,10.02268132784491,13.215084754946076,0.0,0.0,0.0,0.0,0.0
2238,830.5285691446178,1062.1278403621855,812.1278403621855,0.0,0.0,1.0,1.0
2239,1144.2825920289274,1381.8644114639471,1131.8644114639471,0.0,0.0,1.0,1.0
2240,367.0682260783125,444.9126047348321,194.9126047348321,0.0,0.0,1.0,1.0
2241,21.39394380238842,30.49731204315979,0.0,0.0,0.0,0.0,0.0
2242,128.43248156252932,157.10482396404475,0.0,0.0,0.0,0.0,0.0
2243,319.8758468971011,414.2950502432981,164.29505024329808,0.0,0.0,1.0,1.0
2244,1286.2739378618278,1504.2028849900685,1254.2028849900685,0.0,0.0,1.0,1.0
2245,882.7958664381783,1096.4799124880033,846.4799124880033,0.0,0.0,1.0,1.0
2246,2296.3522104095237,2715.6669785650524,2465.6669785650524,0.0,0.0,1.0,1.0
2247,3098.696940553221,3717.5744891777276,3467.5744891777276,0.0,0.0,1.0,1.0
2248,588.5762340897369,722.6477814713107,472.64778147131074,0.0,0.0,1.0,1.0
2249,266.05415088817745,331.45549473415423,81.45549473415423,0.0,0.0,1.0,1.0
2250,1261.4577763290238,1749.5049520279547,1499.5049520279547,0.0,0.0,1.0,1.0
2251,461.35259999012925,643.9564685427265,393.9564685427265,0.0,0.0,1.0,1.0
2252,262.64218033416165,335.3743874580299,85.3743874580299,0.0,0.0,1.0,1.0
2253,1872.037068498161,2267.056652828448,2017.056652828448,0.0,0.0,1.0,1.0
2254,105.76381037394911,152.4463446034375,0.0,0.0,0.0,0.0,0.0
2255,948.65940569153,1245.1958525184436,995.1958525184436,0.0,0.0,1.0,1.0
2256,391.49467515729333,502.54977887809724,252.54977887809724,0.0,0.0,1.0,1.0
2257,119.50477222390414,149.55544643547057,0.0,0.0,0.0,0.0,0.0
2258,243.42230595008783,333.4817085282872,0.0,83.48170852828719,333.4817085282872,1.0,0.0
2259,344.50420103734047,403.9329605929736,153.9329605929736,0.0,0.0,1.0,1.0
2260,53.679804261961735,76.24281506771506,0.0,0.0,0.0,0.0,0.0
2261,373.17346716476925,477.13369028091563,227.13369028091563,0.0,0.0,1.0,1.0
2262,907.8490943677465,1183.8913683306305,933.8913683306305,0.0,0.0,1.0,1.0
2263,1938.3118097597965,2496.397741854955,2246.397741854955,0.0,0.0,1.0,1.0
2264,1072.1549329520253,1472.2230568157918,1222.2230568157918,0.0,0.0,1.0,1.0
2265,750.9746344712594,1036.7318605730873,786.7318605730873,0.0,0.0,1.0,1.0
2266,74.05260273740734,104.4492391618993,0.0,0.0,0.0,0.0,0.0
2267,1107.4954641546062,1483.8500380418418,1233.8500380418418,0.0,0.0,1.0,1.0
2268,701.04874800018,900.6223703843103,650.6223703843103,0.0,0.0,1.0,1.0
2269,2432.2912292450847,2831.4547963955456,2581.4547963955456,0.0,0.0,1.0,1.0
2270,872193.3846554534,1152733.1382759435,1152483.1382759435,0.0,0.0,1.0,1.0
2271,400.3547142768492,504.7789951364544,254.7789951364544,0.0,0.0,1.0,1.0
2272,9.211580799380982,10.597654739006257,0.0,0.0,0.0,0.0,0.0
2273,670.0336774304099,943.9933394306017,693.9933394306017,0.0,0.0,1.0,1.0
2274,181.19070001428207,254.53826758260516,0.0,4.538267582605158,254.53826758260516,1.0,0.0
2275,523.6749154371885,741.5203740289297,491.5203740289297,0.0,0.0,1.0,1.0
2276,9.838452608173785,12.61398310483103,0.0,0.0,0.0,0.0,0.0
2277,274.5399080713677,381.998469067674,131.99846906767402,0.0,0.0,1.0,1.0
2278,894.1190336605335,1065.562356588021,815.562356588021,0.0,0.0,1.0,1.0
2279,451.09075946080344,672.7780070510418,422.77800705104175,0.0,0.0,1.0,1.0
2280,466.0165555090744,663.2015670064932,413.2015670064932,0.0,0.0,1.0,1.0
2281,602.2645145748013,694.0549713926213,444.05497139262127,0.0,0.0,1.0,1.0
2282,4244.574438509158,4502.345224298101,4252.345224298101,0.0,0.0,1.0,1.0
2283,135.97771639023094,189.11153944066623,0.0,0.0,0.0,0.0,0.0
2284,1002.3566043570521,1311.7554218061198,1061.7554218061198,0.0,0.0,1.0,1.0
2285,815.391105061513,1126.422107911238,876.4221079112381,0.0,0.0,1.0,1.0
2286,235.41782740734345,286.96154356614284,0.0,36.961543566142836,286.96154356614284,1.0,0.0
2287,642.8477297296719,914.9709839826704,664.9709839826704,0.0,0.0,1.0,1.0
2288,188.83191410413892,220.85903120185964,0.0,0.0,0.0,0.0,0.0
2289,604.5078147747755,765.2007121467961,515.2007121467961,0.0,0.0,1.0,1.0
2290,423.12221885291564,529.9831667251331,279.98316672513306,0.0,0.0,1.0,1.0
2291,2187.763651703372,2954.9689453197143,2704.9689453197143,0.0,0.0,1.0,1.0
2292,87.29372008977673,108.24554419244615,0.0,0.0,0.0,0.0,0.0
2293,401.9438002178536,509.29333003990314,259.29333003990314,0.0,0.0,1.0,1.0
2294,1217.0494628288322,1576.477284775973,1326.477284775973,0.0,0.0,1.0,1.0
2295,207.8594632474775,260.3469308816091,0.0,10.346930881609126,260.3469308816091,1.0,0.0
2296,247.2977346452299,367.05358902605525,0.0,117.05358902605525,367.05358902605525,1.0,0.0
2297,654.4249857313896,916.5379506812432,666.5379506812432,0.0,0.0,1.0,1.0
2298,2063.771739688001,2751.252575323491,2501.252575323491,0.0,0.0,1.0,1.0
2299,84.04712101839895,111.63143764546972,0.0,0.0,0.0,0.0,0.0
2300,2610.2698366443633,3174.8073562475965,2924.8073562475965,0.0,0.0,1.0,1.0
2301,1811.7487694328488,2137.8064862540286,1887.8064862540286,0.0,0.0,1.0,1.0
2302,119.03538056152235,177.71717442617546,0.0,0.0,0.0,0.0,0.0
2303,2949.2949981160623,3973.6280846301684,3723.6280846301684,0.0,0.0,1.0,1.0
2304,10.486577181208055,14.964414622028816,0.0,0.0,0.0,0.0,0.0
2305,334.3821088852641,451.6616207594973,201.66162075949728,0.0,0.0,1.0,1.0
2306,1582.631905634731,2141.9473035389983,1891.9473035389983,0.0,0.0,1.0,1.0
2307,1942.6928729767951,2681.92169267572,2431.92169267572,0.0,0.0,1.0,1.0
2308,780.0393139814247,1004.5553235404815,754.5553235404815,0.0,0.0,1.0,1.0
2309,213.11828277812472,304.9889327141041,0.0,54.98893271410412,304.9889327141041,1.0,0.0
2310,533.4121141994304,703.8736059580193,453.8736059580193,0.0,0.0,1.0,1.0
2311,1764.639059623845,2271.323826896733,2021.323826896733,0.0,0.0,1.0,1.0
2312,463.5858690402263,662.9694556095695,412.96945560956954,0.0,0.0,1.0,1.0
2313,439.1296664221107,613.9553549635295,363.95535496352954,0.0,0.0,1.0,1.0
2314,591.4022146509374,714.0955193531989,464.09551935319894,0.0,0.0,1.0,1.0
2315,31.637026288259708,44.27835142841962,0.0,0.0,0.0,0.0,0.0
2316,926.1449606555767,1340.8550454921422,1090.8550454921422,0.0,0.0,1.0,1.0
2317,73.89399167953655,106.74694036582177,0.0,0.0,0.0,0.0,0.0
2318,183.11291963377414,244.76475387544193,0.0,0.0,0.0,0.0,0.0
2319,370.1139515542609,555.9511711356693,305.95117113566926,0.0,0.0,1.0,1.0
2320,162.18972345638466,215.0699515017259,0.0,0.0,0.0,0.0,0.0
2321,970.5230580103197,1328.1192355935955,1078.1192355935955,0.0,0.0,1.0,1.0
2322,353.32237341186783,475.8605728521543,225.8605728521543,0.0,0.0,1.0,1.0
2323,245.87281106384887,350.8212649547097,0.0,100.8212649547097,350.8212649547097,1.0,0.0
2324,2687.6745367592534,3364.9163198441515,3114.9163198441515,0.0,0.0,1.0,1.0
2325,384.0170046881211,517.3312975647679,267.33129756476785,0.0,0.0,1.0,1.0
2326,1721.8500475230612,2349.4050914740874,2099.4050914740874,0.0,0.0,1.0,1.0
2327,967.7466859935498,1203.2765744285418,953.2765744285418,0.0,0.0,1.0,1.0
2328,980.6826170393088,1226.8005558052205,976.8005558052205,0.0,0.0,1.0,1.0
2329,546.337682043839,709.3090794238803,459.30907942388035,0.0,0.0,1.0,1.0
2330,545.8536566346562,643.4289246579199,393.4289246579199,0.0,0.0,1.0,1.0
2331,380.73873605029866,489.33966917993286,239.33966917993286,0.0,0.0,1.0,1.0
2332,153.866511569223,200.17642215339117,0.0,0.0,0.0,0.0,0.0
2333,1425.129859719019,1748.552943868879,1498.552943868879,0.0,0.0,1.0,1.0
2334,277.1045558120549,396.4771480483793,146.47714804837932,0.0,0.0,1.0,1.0
2335,564.3230619301153,799.1750054943282,549.1750054943282,0.0,0.0,1.0,1.0
2336,264.40606262762674,342.3899874632589,92.38998746325888,0.0,0.0,1.0,1.0
2337,1283.906182062212,1666.197611036669,1416.197611036669,0.0,0.0,1.0,1.0
2338,71.60312230529323,95.98271214236156,0.0,0.0,0.0,0.0,0.0
2339,767.1215835877447,965.1741682872462,715.1741682872462,0.0,0.0,1.0,1.0
2340,360.8058705237522,500.076482285526,250.07648228552603,0.0,0.0,1.0,1.0
2341,72.79859644306057,102.20455219075458,0.0,0.0,0.0,0.0,0.0
2342,781.6310107149502,1115.798687915036,865.798687915036,0.0,0.0,1.0,1.0
2343,236.60060849374673,340.6506117001098,0.0,90.65061170010978,340.6506117001098,1.0,0.0
2344,632.1589451510349,823.1687482657029,573.1687482657029,0.0,0.0,1.0,1.0
2345,483.1757186724798,631.9157804159887,381.9157804159887,0.0,0.0,1.0,1.0
2346,934.6126690810828,1142.203036521942,892.2030365219421,0.0,0.0,1.0,1.0
2347,276.7994455153507,423.8976541503819,173.89765415038192,0.0,0.0,1.0,1.0
2348,1074.7175910850026,1419.5532098227404,1169.5532098227404,0.0,0.0,1.0,1.0
2349,707.278529451817,920.2070603230063,670.2070603230063,0.0,0.0,1.0,1.0
2350,146.1344311508504,197.33763341433573,0.0,0.0,0.0,0.0,0.0
2351,1857.7982349901579,2092.5214654968368,1842.5214654968368,0.0,0.0,1.0,1.0
2352,1025.0479377038257,1418.1773338266123,1168.1773338266123,0.0,0.0,1.0,1.0
2353,1021.6395392709135,1211.4044735607974,961.4044735607974,0.0,0.0,1.0,1.0
2354,538.6094967212148,705.354454177733,455.35445417773303,0.0,0.0,1.0,1.0
2355,901382.1192495159,1274802.5826556026,1274552.5826556026,0.0,0.0,1.0,1.0
2356,137.82296957610953,198.27334420786366,0.0,0.0,0.0,0.0,0.0
2357,276.35706121901103,346.5955650621768,96.59556506217677,0.0,0.0,1.0,1.0
2358,1542.8845857137578,1957.2195903897762,1707.2195903897762,0.0,0.0,1.0,1.0
2359,1783.529573736432,2032.273936265037,1782.273936265037,0.0,0.0,1.0,1.0
2360,106.79798287737066,129.05708546864147,0.0,0.0,0.0,0.0,0.0
2361,830.6809375548751,1045.737099045864,795.7370990458639,0.0,0.0,1.0,1.0
2362,1004.1288048923747,1324.1657399879543,1074.1657399879543,0.0,0.0,1.0,1.0
2363,199.8268868127927,275.3846689006644,0.0,25.384668900664394,275.3846689006644,1.0,0.0
2364,1299.6473134508255,1580.727364047886,1330.727364047886,0.0,0.0,1.0,1.0
2365,1189.3092987138612,1325.1512604949219,1075.1512604949219,0.0,0.0,1.0,1.0
2366,1462.3324929242813,1705.6671698989664,1455.6671698989664,0.0,0.0,1.0,1.0
2367,195.5567549703194,237.74682578269224,0.0,0.0,0.0,0.0,0.0
2368,1875.0419987730938,2341.4069013306766,2091.4069013306766,0.0,0.0,1.0,1.0
2369,1516.173445782864,1950.936808296072,1700.936808296072,0.0,0.0,1.0,1.0
2370,524.3619638532684,695.3244398026415,445.32443980264145,0.0,0.0,1.0,1.0
2371,2207.145172674623,2926.5905905539717,2676.5905905539717,0.0,0.0,1.0,1.0
2372,321.5760963151529,432.7173392629568,182.71733926295678,0.0,0.0,1.0,1.0
2373,721.9211892239136,949.9447930634756,699.9447930634756,0.0,0.0,1.0,1.0
2374,30.964098160319715,43.127056621512644,0.0,0.0,0.0,0.0,0.0
2375,352.7153898023756,474.3766829908055,224.37668299080548,0.0,0.0,1.0,1.0
2376,340.0016150076713,470.69483383001443,220.69483383001443,0.0,0.0,1.0,1.0
2377,762.3187995439155,1067.4775429411902,817.4775429411902,0.0,0.0,1.0,1.0
2378,212.32617121770122,300.4536850644473,0.0,50.45368506444731,300.4536850644473,1.0,0.0
2379,307.72134396271235,412.90066848618227,162.90066848618227,0.0,0.0,1.0,1.0
2380,154.5360980871522,207.04705351338146,0.0,0.0,0.0,0.0,0.0
2381,322.0029832018315,445.07744347516467,195.07744347516467,0.0,0.0,1.0,1.0
2382,698.4717848213864,887.883781235882,637.883781235882,0.0,0.0,1.0,1.0
2383,124.11298004573563,170.20914448628756,0.0,0.0,0.0,0.0,0.0
2384,259.11810706967475,351.59123159595697,101.59123159595697,0.0,0.0,1.0,1.0
2385,3520.3674237787995,4115.125402314826,3865.125402314826,0.0,0.0,1.0,1.0
2386,2807.3514542318444,3654.059644782049,3404.059644782049,0.0,0.0,1.0,1.0
2387,20.11259028038962,26.89625308298301,0.0,0.0,0.0,0.0,0.0
2388,220.43072163006516,284.5682517549454,0.0,34.56825175494538,284.5682517549454,1.0,0.0
2389,527.3308021454831,769.8755551156268,519.8755551156268,0.0,0.0,1.0,1.0
2390,803.9486782984476,942.7527915957662,692.7527915957662,0.0,0.0,1.0,1.0
2391,2195.957775886484,3036.8517860381967,2786.8517860381967,0.0,0.0,1.0,1.0
2392,613.8709872085933,800.9676775602796,550.9676775602796,0.0,0.0,1.0,1.0
2393,10.619375049778322,15.419510923952513,0.0,0.0,0.0,0.0,0.0
2394,798.6057758404569,960.9256024638619,710.9256024638619,0.0,0.0,1.0,1.0
2395,118.81176355270935,147.7161240766203,0.0,0.0,0.0,0.0,0.0
2396,507.09151967049394,647.6478487517579,397.6478487517579,0.0,0.0,1.0,1.0
2397,1262.5168380158798,1602.9842676603357,1352.9842676603357,0.0,0.0,1.0,1.0
2398,727.9908375688387,895.866271139605,645.866271139605,0.0,0.0,1.0,1.0
2399,172.04227078593212,243.04234329275286,0.0,0.0,0.0,0.0,0.0
2400,411.06416079143554,551.273370810499,301.27337081049905,0.0,0.0,1.0,1.0
2401,214.8783839508358,274.3616844762239,0.0,24.3616844762239,274.3616844762239,1.0,0.0
2402,635.2882854923066,853.6817474445526,603.6817474445526,0.0,0.0,1.0,1.0
2403,1914.4832996353146,2680.7876611844013,2430.7876611844013,0.0,0.0,1.0,1.0
2404,103.13871744942078,141.94867136043607,0.0,0.0,0.0,0.0,0.0
2405,935.0467726657371,1132.9295835006044,882.9295835006044,0.0,0.0,1.0,1.0
2406,1355.5129133784892,1671.9328196493905,1421.9328196493905,0.0,0.0,1.0,1.0
2407,133.72669555163293,179.51090183515376,0.0,0.0,0.0,0.0,0.0
2408,793.4885112019215,972.3636789753781,722.3636789753781,0.0,0.0,1.0,1.0
2409,217.44845977302333,273.65056067268284,0.0,23.650560672682843,273.65056067268284,1.0,0.0
2410,860.7884822497408,1035.9311515338406,785.9311515338406,0.0,0.0,1.0,1.0
2411,42.643195851669915,61.88559210587387,0.0,0.0,0.0,0.0,0.0
2412,100.89442911409647,132.32729303349734,0.0,0.0,0.0,0.0,0.0
2413,4635.859065248557,4894.918340524783,4644.918340524783,0.0,0.0,1.0,1.0
2414,61.75012195649087,85.18576886545334,0.0,0.0,0.0,0.0,0.0
2415,368.44471066036874,510.77963944794936,260.77963944794936,0.0,0.0,1.0,1.0
2416,2788.989113398389,3005.3536432770925,2755.3536432770925,0.0,0.0,1.0,1.0
2417,62.864614765640724,88.86584959454956,0.0,0.0,0.0,0.0,0.0
2418,80.50265860030028,106.19727471243769,0.0,0.0,0.0,0.0,0.0
2419,923.0383786171567,1300.4706465196928,1050.4706465196928,0.0,0.0,1.0,1.0
2420,1062.4487451484274,1486.2015475073613,1236.2015475073613,0.0,0.0,1.0,1.0
2421,2411.348567838744,2710.0528698033545,2460.0528698033545,0.0,0.0,1.0,1.0
2422,427.0539853947537,699.7986660324348,449.79866603243477,0.0,0.0,1.0,1.0
2423,708.9620795155892,861.7247359906012,611.7247359906012,0.0,0.0,1.0,1.0
2424,477.7241222814512,582.0658243689134,332.06582436891335,0.0,0.0,1.0,1.0
2425,265.8814301762129,307.8022370626872,57.8022370626872,0.0,0.0,1.0,1.0
2426,241.48908469337186,334.55713363084675,0.0,84.55713363084675,334.55713363084675,1.0,0.0
2427,1541.8529273418567,2104.812012070639,1854.812012070639,0.0,0.0,1.0,1.0
2428,1177.1540556772068,1576.7643335907744,1326.7643335907744,0.0,0.0,1.0,1.0
2429,191.8187185230811,273.6009302431628,0.0,23.600930243162793,273.6009302431628,1.0,0.0
2430,1064.2873444165514,1457.108435906757,1207.108435906757,0.0,0.0,1.0,1.0
2431,147.1268233217033,200.8124297156496,0.0,0.0,0.0,0.0,0.0
2432,163.02343258064056,215.14253865506328,0.0,0.0,0.0,0.0,0.0
2433,2223.48038673374,2611.0458703443783,2361.0458703443783,0.0,0.0,1.0,1.0
2434,66.12706977728404,76.32580651844195,0.0,0.0,0.0,0.0,0.0
2435,248.37238471640524,326.06259043142154,0.0,76.06259043142154,326.06259043142154,1.0,0.0
2436,504.8587607131029,655.2109582722348,405.21095827223485,0.0,0.0,1.0,1.0
2437,527.5484712634457,778.4473866872522,528.4473866872522,0.0,0.0,1.0,1.0
2438,166.9535977027185,208.31725001623647,0.0,0.0,0.0,0.0,0.0
2439,2960.565057336637,3182.7453385558233,2932.7453385558233,0.0,0.0,1.0,1.0
2440,345.61751589570565,472.14074515613106,222.14074515613106,0.0,0.0,1.0,1.0
2441,667.2908616601779,871.6792765062004,621.6792765062004,0.0,0.0,1.0,1.0
2442,309.40721702647284,407.5959582784777,157.59595827847772,0.0,0.0,1.0,1.0
2443,123.53151906708997,165.0750678871217,0.0,0.0,0.0,0.0,0.0
2444,523.4247992511947,665.123406475172,415.12340647517203,0.0,0.0,1.0,1.0
2445,3305.47742669179,4146.936282398875,3896.936282398875,0.0,0.0,1.0,1.0
2446,386.1902652161646,547.1020687296973,297.1020687296973,0.0,0.0,1.0,1.0
2447,801.9472145338846,1104.2172144479362,854.2172144479362,0.0,0.0,1.0,1.0
2448,62.738799555809294,88.42606033899605,0.0,0.0,0.0,0.0,0.0
2449,134.1938254324138,182.4748360182868,0.0,0.0,0.0,0.0,0.0
2450,284.05982510331364,399.8252615523586,149.8252615523586,0.0,0.0,1.0,1.0
2451,267.2894180119409,332.54835499413724,82.54835499413724,0.0,0.0,1.0,1.0
2452,1349.296169463231,1639.0984704288849,1389.0984704288849,0.0,0.0,1.0,1.0
2453,668.3876842304096,766.5806392838138,516.5806392838138,0.0,0.0,1.0,1.0
2454,147.77285201604388,203.21780884752278,0.0,0.0,0.0,0.0,0.0
2455,379.10978703507715,531.8983896776253,281.89838967762535,0.0,0.0,1.0,1.0
2456,2396.432325308443,2770.5328701174194,2520.5328701174194,0.0,0.0,1.0,1.0
2457,626.5313232436475,708.6228666157032,458.6228666157032,0.0,0.0,1.0,1.0
2458,634.0466699255302,791.622084723992,541.622084723992,0.0,0.0,1.0,1.0
2459,293.4682072735589,368.0165683597121,118.0165683597121,0.0,0.0,1.0,1.0
2460,889.5443175265951,1170.2849150274453,920.2849150274453,0.0,0.0,1.0,1.0
2461,662.5552619177128,905.1557378844175,655.1557378844175,0.0,0.0,1.0,1.0
2462,1280.987130765874,1547.8570988124288,1297.8570988124288,0.0,0.0,1.0,1.0
2463,230.22002319466736,271.9019883965826,0.0,21.901988396582624,271.9019883965826,1.0,0.0
2464,287.6128238340638,386.76811041677024,136.76811041677024,0.0,0.0,1.0,1.0
2465,1840.6343429091382,2120.7992897119666,1870.7992897119666,0.0,0.0,1.0,1.0
2466,108.32059745702627,137.12017710940694,0.0,0.0,0.0,0.0,0.0
2467,690.2411566497444,810.9132939526427,560.9132939526427,0.0,0.0,1.0,1.0
2468,806.0312070160306,1034.7835085073987,784.7835085073987,0.0,0.0,1.0,1.0
2469,938.011458834235,1260.1335741588607,1010.1335741588607,0.0,0.0,1.0,1.0
2470,266.43084121439176,354.30404465321135,104.30404465321135,0.0,0.0,1.0,1.0
2471,350.9771617096304,460.3571559134908,210.35715591349077,0.0,0.0,1.0,1.0
2472,1705.1809455003977,2242.953142938092,1992.9531429380918,0.0,0.0,1.0,1.0
2473,790.2588845389051,1031.0183256541047,781.0183256541047,0.0,0.0,1.0,1.0
2474,382.2471326004381,538.7632458792308,288.7632458792308,0.0,0.0,1.0,1.0
2475,174.2662111142889,225.64674338655942,0.0,0.0,0.0,0.0,0.0
2476,472.77756821325283,608.0324973964566,358.0324973964566,0.0,0.0,1.0,1.0
2477,1517.3539107048218,1977.9133014669524,1727.9133014669524,0.0,0.0,1.0,1.0
2478,217.08073956306814,294.0315789915837,0.0,44.03157899158367,294.0315789915837,1.0,0.0
2479,1866.4205090380851,2522.4340881134854,2272.4340881134854,0.0,0.0,1.0,1.0
2480,275.4444346962052,361.8022576460877,111.8022576460877,0.0,0.0,1.0,1.0
2481,230.3727430983331,290.96576598002963,0.0,40.96576598002963,290.96576598002963,1.0,0.0
2482,318.13252465293147,369.1306863767977,119.13068637679771,0.0,0.0,1.0,1.0
2483,311.12107652183806,448.95880261139206,198.95880261139206,0.0,0.0,1.0,1.0
2484,2280.3259599274943,2558.2384159766725,2308.2384159766725,0.0,0.0,1.0,1.0
2485,1089.6627328741338,1461.0799299271969,1211.0799299271969,0.0,0.0,1.0,1.0
2486,83.70398504209787,114.75901324462463,0.0,0.0,0.0,0.0,0.0
2487,136.80509588458702,179.31553879491682,0.0,0.0,0.0,0.0,0.0
2488,918.7068323917448,1164.770533661214,914.7705336612139,0.0,0.0,1.0,1.0
2489,179.9962730183469,255.43321473218583,0.0,5.4332147321858315,255.43321473218583,1.0,0.0
2490,1397.5772248043393,2094.1302912485253,1844.1302912485253,0.0,0.0,1.0,1.0
2491,579.13303784235,705.3335376368408,455.3335376368408,0.0,0.0,1.0,1.0
2492,597.874042370715,746.1995286077461,496.19952860774606,0.0,0.0,1.0,1.0
2493,1103.7025975965253,1437.468026906019,1187.468026906019,0.0,0.0,1.0,1.0
2494,815.3896645283071,1008.9442911409648,758.9442911409648,0.0,0.0,1.0,1.0
2495,772.3049277405404,1050.4636835470758,800.4636835470758,0.0,0.0,1.0,1.0
2496,319.85031005489435,392.9823182518181,142.98231825181813,0.0,0.0,1.0,1.0
2497,69.73188091787078,86.84766547271805,0.0,0.0,0.0,0.0,0.0
2498,798.9996938897277,1022.2722589827196,772.2722589827196,0.0,0.0,1.0,1.0
2499,505.0966400326701,714.0518568766612,464.0518568766612,0.0,0.0,1.0,1.0
2500,519.2039280322272,660.0309826308318,410.0309826308318,0.0,0.0,1.0,1.0
2501,2308.0869459634187,2714.8040451866914,2464.8040451866914,0.0,0.0,1.0,1.0
2502,1165.9178027949029,1592.5074029058753,1342.5074029058753,0.0,0.0,1.0,1.0
2503,1686.1858689086534,2064.3313591531537,1814.3313591531537,0.0,0.0,1.0,1.0
2504,2012.8264865724454,2526.4333321701506,2276.4333321701506,0.0,0.0,1.0,1.0
2505,553.3040604166276,732.0532990050981,482.0532990050981,0.0,0.0,1.0,1.0
2506,227.62924145029515,283.1473178562547,0.0,33.14731785625469,283.1473178562547,1.0,0.0
2507,386.20437325636345,503.63278278318074,253.63278278318074,0.0,0.0,1.0,1.0
2508,466.0613158200051,558.8033523445366,308.8033523445366,0.0,0.0,1.0,1.0
2509,259.76668622132553,364.5563159761489,114.55631597614888,0.0,0.0,1.0,1.0
2510,739.1637039389096,948.8883305445818,698.8883305445818,0.0,0.0,1.0,1.0
2511,32.07369251592459,46.991119461607084,0.0,0.0,0.0,0.0,0.0
2512,246.05491945802302,326.0798678289603,0.0,76.07986782896029,326.0798678289603,1.0,0.0
2513,793.948304920369,984.6150778219817,734.6150778219817,0.0,0.0,1.0,1.0
2514,575.6872632608097,665.5821813497105,415.5821813497105,0.0,0.0,1.0,1.0
2515,647.0692313525263,807.3213959091512,557.3213959091512,0.0,0.0,1.0,1.0
2516,594.8797266014828,757.7984648048343,507.79846480483434,0.0,0.0,1.0,1.0
2517,1168.6129511793517,1473.5478252558132,1223.5478252558132,0.0,0.0,1.0,1.0
2518,84.77692541644016,121.58803087424073,0.0,0.0,0.0,0.0,0.0
2519,429.180781674761,514.0997704077162,264.09977040771616,0.0,0.0,1.0,1.0
2520,434.50670352900283,541.1521002364709,291.1521002364709,0.0,0.0,1.0,1.0
2521,1068.735403117564,1332.8158871653752,1082.8158871653752,0.0,0.0,1.0,1.0
2522,681.7547955252095,851.1823696917173,601.1823696917173,0.0,0.0,1.0,1.0
2523,1039.5742077307505,1375.858836883336,1125.858836883336,0.0,0.0,1.0,1.0
2524,159.18108758886285,224.61983093614057,0.0,0.0,0.0,0.0,0.0
2525,1187.1404039142885,1446.2668237611663,1196.2668237611663,0.0,0.0,1.0,1.0
2526,950.3595526974373,1151.7256069470106,901.7256069470106,0.0,0.0,1.0,1.0
2527,3643.9317186932503,4390.453857769448,4140.453857769448,0.0,0.0,1.0,1.0
2528,414.36709372786345,508.0882815486531,258.0882815486531,0.0,0.0,1.0,1.0
2529,106.53916059926146,154.73025873993865,0.0,0.0,0.0,0.0,0.0
2530,347.4507538192283,441.814316803587,191.81431680358702,0.0,0.0,1.0,1.0
2531,94.752102180667,135.25617519582087,0.0,0.0,0.0,0.0,0.0
2532,110.32070228153243,145.01485083904274,0.0,0.0,0.0,0.0,0.0
2533,121.47003030677256,163.50600475802474,0.0,0.0,0.0,0.0,0.0
2534,992.2172955877337,1253.033057883601,1003.033057883601,0.0,0.0,1.0,1.0
2535,1690.567369109659,1958.8185769000538,1708.8185769000538,0.0,0.0,1.0,1.0
2536,282.10144173291997,333.19354523676844,83.19354523676844,0.0,0.0,1.0,1.0
2537,1060.7601136141789,1428.518239062527,1178.518239062527,0.0,0.0,1.0,1.0
2538,818.7826557815881,1043.2068456624156,793.2068456624156,0.0,0.0,1.0,1.0
2539,812.6577865982039,1086.689201169049,836.689201169049,0.0,0.0,1.0,1.0
2540,63.92908133910116,94.33109427999827,0.0,0.0,0.0,0.0,0.0
2541,1090.879339654373,1310.7225600838863,1060.7225600838863,0.0,0.0,1.0,1.0
2542,586.0296803103446,773.0172796969773,523.0172796969773,0.0,0.0,1.0,1.0
2543,1421.5988248116382,1812.8207628404703,1562.8207628404703,0.0,0.0,1.0,1.0
2544,94.77235679896889,113.14418642541308,0.0,0.0,0.0,0.0,0.0
2545,232.6510195930934,282.75212064090476,0.0,32.752120640904764,282.75212064090476,1.0,0.0
2546,993.7456135447527,1274.379138413504,1024.379138413504,0.0,0.0,1.0,1.0
2547,4613.098804188933,5078.633069420297,4828.633069420297,0.0,0.0,1.0,1.0
2548,10.07435884261736,13.362517070615556,0.0,0.0,0.0,0.0,0.0
2549,30.85765773920342,42.45112813873029,0.0,0.0,0.0,0.0,0.0
2550,670.3409731256114,881.2271087489328,631.2271087489328,0.0,0.0,1.0,1.0
2551,67.64964827015017,83.09601507124296,0.0,0.0,0.0,0.0,0.0
2552,218.0554026860272,298.06597761382574,0.0,48.06597761382574,298.06597761382574,1.0,0.0
2553,506.3239865925408,645.092203028579,395.092203028579,0.0,0.0,1.0,1.0
2554,1834.712059827768,2536.7610985292367,2286.7610985292367,0.0,0.0,1.0,1.0
2555,575.4762318220183,717.4413774874448,467.4413774874448,0.0,0.0,1.0,1.0
2556,104.14594596283449,142.95373874060616,0.0,0.0,0.0,0.0,0.0
2557,701.9587793041597,910.1096885930655,660.1096885930655,0.0,0.0,1.0,1.0
2558,1685.283503328703,1945.8242858700935,1695.8242858700935,0.0,0.0,1.0,1.0
2559,359.802043457545,488.0285126961357,238.0285126961357,0.0,0.0,1.0,1.0
2560,712.5314237491176,1050.3986180693182,800.3986180693182,0.0,0.0,1.0,1.0
2561,90.58992156925902,119.09755810306702,0.0,0.0,0.0,0.0,0.0
2562,391.38645389739366,583.6405552367148,333.6405552367148,0.0,0.0,1.0,1.0
2563,1523.8811632076727,1921.5097342865474,1671.5097342865474,0.0,0.0,1.0,1.0
2564,185.76156203182282,214.75172553011464,0.0,0.0,0.0,0.0,0.0
2565,261.1519726897713,370.2919233406849,120.29192334068489,0.0,0.0,1.0,1.0
2566,1301.3329367366287,1562.3140102368768,1312.3140102368768,0.0,0.0,1.0,1.0
2567,577.373753620185,738.9100812405245,488.9100812405245,0.0,0.0,1.0,1.0
2568,652.7208771752689,825.8426821305709,575.8426821305709,0.0,0.0,1.0,1.0
2569,557.485718372941,747.4189367754092,497.4189367754092,0.0,0.0,1.0,1.0
2570,1025.31173619454,1245.7515468081706,995.7515468081706,0.0,0.0,1.0,1.0
2571,788.1777432935797,974.9130808013025,724.9130808013025,0.0,0.0,1.0,1.0
2572,107.18228491194975,133.3606520608464,0.0,0.0,0.0,0.0,0.0
2573,596.11693685312,829.3580916470312,579.3580916470312,0.0,0.0,1.0,1.0
2574,476.1064877083371,678.8279726494039,428.82797264940393,0.0,0.0,1.0,1.0
2575,138.0584730732878,198.18236283684334,0.0,0.0,0.0,0.0,0.0
2576,348.7810646759988,516.8918646066372,266.8918646066372,0.0,0.0,1.0,1.0
2577,509.11675370866095,636.8915615689442,386.8915615689442,0.0,0.0,1.0,1.0
2578,902.0948647414552,1226.6380350167299,976.6380350167299,0.0,0.0,1.0,1.0
2579,1076.0575009991962,1367.5633509767613,1117.5633509767613,0.0,0.0,1.0,1.0
2580,126.63307967753373,158.23247027663905,0.0,0.0,0.0,0.0,0.0
2581,1328.2802460481025,1620.1745159407174,1370.1745159407174,0.0,0.0,1.0,1.0
2582,277.643638440555,349.0048997795037,99.00489977950372,0.0,0.0,1.0,1.0
2583,531.2513945349107,717.3868752636397,467.3868752636397,0.0,0.0,1.0,1.0
2584,3127.390198735691,3545.063465930214,3295.063465930214,0.0,0.0,1.0,1.0
2585,788.6978487433046,1018.8720942413636,768.8720942413636,0.0,0.0,1.0,1.0
2586,1396.477772728784,1886.8207071085224,1636.8207071085224,0.0,0.0,1.0,1.0
2587,1340.2768320179164,1733.6959181248121,1483.6959181248121,0.0,0.0,1.0,1.0
2588,567.7894100048625,737.3533839828076,487.3533839828076,0.0,0.0,1.0,1.0
2589,39.85468980098561,51.59146780305474,0.0,0.0,0.0,0.0,0.0
2590,1377.3855866759395,1947.4212232199652,1697.4212232199652,0.0,0.0,1.0,1.0
2591,372.8695940382295,493.7634927732226,243.7634927732226,0.0,0.0,1.0,1.0
2592,937.4625287506677,1255.5789313855314,1005.5789313855314,0.0,0.0,1.0,1.0
2593,779.5966055324333,995.8175662218682,745.8175662218682,0.0,0.0,1.0,1.0
2594,776.5608063289706,1066.3996717858788,816.3996717858788,0.0,0.0,1.0,1.0
2595,720.6377751868281,992.220693577074,742.220693577074,0.0,0.0,1.0,1.0
2596,314.87013574838727,388.50699191177006,138.50699191177006,0.0,0.0,1.0,1.0
2597,427.7511804287383,622.43097599571,372.43097599571,0.0,0.0,1.0,1.0
2598,1007.1671643157621,1213.1877181287007,963.1877181287007,0.0,0.0,1.0,1.0
2599,213.29281446978453,278.1287497715371,0.0,28.128749771537116,278.1287497715371,1.0,0.0
2600,536.9532241459605,708.7394387601422,458.7394387601422,0.0,0.0,1.0,1.0
2601,924.9077661422097,1131.432192011586,881.432192011586,0.0,0.0,1.0,1.0
2602,1112.6983252300636,1411.6299486032256,1161.6299486032256,0.0,0.0,1.0,1.0
