,time_since_last_recording_server_3_tactic_1,latency_server_3_tactic_1,cost_server_3_tactic_1,reliability_server_3_tactic_1,time_since_last_ping_server_3_tactic_1,ping_time_server_3_tactic_1,day1_server_3_tactic_1,day2_server_3_tactic_1,day3_server_3_tactic_1,day4_server_3_tactic_1,day5_server_3_tactic_1,day6_server_3_tactic_1,day7_server_3_tactic_1,predicted_Latency 9,predicted_Cost 9,predicted_Reliability 9
0,0.0028768314711982,0.0456386341533246,0.060546875,1,0.0077477232567622,0.0394652472177571,0.0,0.0,0.0,0.0,1.0,0.0,0.0,0.04296128,0.0828855,1.0
1,0.0039472803907138,0.040719113679543,0.072265625,1,0.0038058991436726,0.0395838274174989,0.0,0.0,0.0,0.0,1.0,0.0,0.0,0.04815388,0.08273054,1.0
2,0.0016056733792734,0.0490844200765312,0.078125,1,0.0008155498165012,0.03985612269098,0.0,0.0,0.0,0.0,1.0,0.0,0.0,0.12351244,0.057277843,1.0
3,0.0020070917240917,0.1284504980924855,0.0468749999999999,1,0.0016310996330025,0.0400449726387168,0.0,0.0,0.0,0.0,1.0,0.0,0.0,0.07668665,0.06808119,1.0
4,0.0033451528734863,0.078082346108981,0.0566406249999999,1,0.0002718499388337,0.0398385552539812,0.0,0.0,0.0,0.0,1.0,0.0,0.0,0.091921344,0.06459712,1.0
5,0.0028099284137285,0.0946549827389683,0.052734375,1,0.0046894114448824,0.0400844993719641,0.0,0.0,0.0,0.0,1.0,0.0,0.0,0.05076225,0.078538984,1.0
6,0.0031444437010771,0.049675133733175,0.068359375,1,0.009106972950931,0.0401503772607095,0.0,0.0,0.0,0.0,1.0,0.0,0.0,0.0406346,0.08744322,1.0
7,0.0011373519769853,0.0429398164227659,0.0898437499999999,1,0.0027184993883376,0.0400230133424684,0.0,0.0,0.0,0.0,1.0,0.0,0.0,0.063932426,0.0769107,1.0
8,0.001204255034455,0.067158391893057,0.072265625,1,0.001087399755335,0.0401547691199592,0.0,0.0,0.0,0.0,1.0,0.0,0.0,0.039381016,0.0892433,1.0
9,0.0109051983675653,0.0437490676570887,0.09765625,1,0.0056408862308005,0.0401372016829604,0.0,0.0,0.0,0.0,1.0,0.0,0.0,0.061701525,0.07470531,1.0
10,0.0068910149193818,0.06026301356916,0.05859375,1,0.004009786597798,0.0401196342459616,0.0,0.0,0.0,0.0,1.0,0.0,0.0,0.043338243,0.082432486,1.0
11,0.0022747039539706,0.0411822526029561,0.072265625,1,0.0030583118118798,0.0399395680167242,0.0,0.0,0.0,0.0,1.0,0.0,0.0,0.0731585,0.07100427,1.0
12,0.0024085100689101,0.0736746572369378,0.0566406249999999,1,0.0019029495718363,0.0396057867137474,0.0,0.0,0.0,0.0,1.0,0.0,0.0,0.045227353,0.0832384,1.0
13,0.0004014183448183,0.0460317049172968,0.0800781249999999,1,0.0033301617507136,0.0395926111359983,0.0,0.0,0.0,0.0,1.0,0.0,0.0,0.075046964,0.07167951,1.0
14,0.0020739947815615,0.0777263764280843,0.0625,1,0.0038058991436726,0.0397024076172406,0.0,0.0,0.0,0.0,1.0,0.0,0.0,0.05927779,0.076465,1.0
15,0.0102361677928681,0.0602851826787856,0.068359375,1,0.0112138099768927,0.0397419343504879,0.0,0.0,0.0,0.0,1.0,0.0,0.0,0.06631386,0.0728223,1.0
16,0.0022078008965009,0.0658660665429833,0.05859375,1,0.0007475873317928,0.040128417964461,0.0,0.0,0.0,0.0,1.0,0.0,0.0,0.03500226,0.09016708,1.0
17,0.0014049642068642,0.0373874485967286,0.095703125,1,0.0055729237460921,0.0399220005797254,0.0,0.0,0.0,0.0,1.0,0.0,0.0,0.03426489,0.088778414,1.0
18,0.0002676122298789,0.0330192500914767,0.0839843749999999,1,0.0044855239907571,0.0399790947499714,0.0,0.0,0.0,0.0,1.0,0.0,0.0,0.055864476,0.077341914,1.0
19,0.0011373519769853,0.0542848556492512,0.0625,1,0.000475737392959,0.0399307842982248,0.0,0.0,0.0,0.0,1.0,0.0,0.0,0.07895478,0.06874083,1.0
20,0.0042148926205927,0.0800458229344291,0.0546874999999999,1,0.0015631371482941,0.0397770692244855,0.0,0.0,0.0,0.0,1.0,0.0,0.0,0.08749132,0.06679386,1.0
21,0.0023416070114404,0.091200309436176,0.05859375,1,0.0006796248470844,0.03985612269098,0.0,0.0,0.0,0.0,1.0,0.0,0.0,0.045212023,0.08289392,1.0
22,0.0013380611493945,0.0460964591249939,0.0800781249999999,1,0.0065243985320103,0.0398297715354818,0.0,0.0,0.0,0.0,1.0,0.0,0.0,0.08660901,0.06593561,1.0
23,0.0003345152873486,0.0873854715589334,0.048828125,1,0.0079516107108875,0.0395926111359983,0.0,0.0,0.0,0.0,1.0,0.0,0.0,0.11902729,0.057978097,1.0
24,0.0002676122298789,0.1246612683817458,0.05078125,1,0.0008155498165012,0.0396101785729971,0.0,0.0,0.0,0.0,1.0,0.0,0.0,0.039521065,0.08393453,1.0
25,0.0125777748043085,0.0389481988446645,0.0800781249999999,1,0.0088351230120973,0.0382574859240911,0.0,0.0,0.0,0.0,1.0,0.0,0.0,0.04602795,0.080540635,1.0
26,0.0058205659998661,0.0422196216448302,0.0644531249999999,1,0.0043495990213402,0.040128417964461,0.0,0.0,0.0,0.0,1.0,0.0,0.0,0.040073644,0.08306089,1.0
27,0.019803305011039,0.0357893327228804,0.068359375,1,0.0017670246024194,0.0394652472177571,0.0,0.0,0.0,0.0,1.0,0.0,0.0,0.040905084,0.0850522,1.0
28,0.003412055930956,0.0394634758019192,0.078125,1,0.0045534864754655,0.0399790947499714,0.0,0.0,0.0,0.0,1.0,0.0,0.0,0.07478759,0.069451615,1.0
29,0.0029437345286679,0.0739129053554982,0.05078125,1,0.0013592496941688,0.0401635528384586,0.0,0.0,0.0,0.0,1.0,0.0,0.0,0.05617726,0.07734202,1.0
30,0.0010035458620458,0.0563633834141127,0.068359375,1,0.013728421911105,0.0401635528384586,0.0,0.0,0.0,0.0,1.0,0.0,0.0,0.05674412,0.075637445,1.0
31,0.0044156017930019,0.054245644522121,0.05859375,1,0.0134565719722713,0.0401986877124562,0.0,0.0,0.0,0.0,1.0,0.0,0.0,0.06463389,0.071718216,1.0
32,0.0001338061149394,0.061583938939247,0.05078125,1,0.0004077749082506,0.0401679446977083,0.0,0.0,0.0,0.0,1.0,0.0,0.0,0.0513445,0.07696514,1.0
33,0.0053522445975781,0.0474524154254818,0.05859375,1,0.0061166236237596,0.0399088250019763,0.0,0.0,0.0,0.0,1.0,0.0,0.0,0.07262094,0.07130025,1.0
34,0.002676122298789,0.0735095342172648,0.05859375,1,0.0012912872094603,0.0398341633947315,0.0,0.0,0.0,0.0,1.0,0.0,0.0,0.043535218,0.08252409,1.0
35,0.001940188666622,0.0421470067356994,0.0742187499999999,1,0.0012233247247519,0.0395399088250019,0.0,0.0,0.0,0.0,1.0,0.0,0.0,0.045485504,0.0822918,1.0
36,0.0045494079079413,0.0440153699136183,0.072265625,1,0.00740791083322,0.0396936238987412,0.0,0.0,0.0,0.0,1.0,0.0,0.0,0.050096154,0.07747458,1.0
37,0.0035458620458954,0.0452332642469917,0.0566406249999999,1,0.0009514747859181,0.0396760564617425,0.0,0.0,0.0,0.0,1.0,0.0,0.0,0.11790105,0.057575382,1.0
38,0.0076269485515488,0.1210577960319427,0.04296875,1,0.0036699741742558,0.039597002995248,0.0,0.0,0.0,0.0,1.0,0.0,0.0,0.12242249,0.05581997,1.0
39,0.0043486987355322,0.1271825106833892,0.0468749999999999,1,0.0004077749082506,0.0402162551494549,0.0,0.0,0.0,0.0,1.0,0.0,0.0,0.04269329,0.07986139,1.0
40,0.0030775406436074,0.0389350598837746,0.06640625,1,0.0022427619953785,0.0401020668089629,0.0,0.0,0.0,0.0,1.0,0.0,0.0,0.049497448,0.07979098,1.0
41,0.0122432595169599,0.047328160074988,0.06640625,1,0.0008835123012097,0.0405061178599348,0.0,0.0,0.0,0.0,1.0,0.0,0.0,0.33169717,0.032012854,1.0
42,0.0066234026895029,0.3256843466516172,0.02734375,1,0.0014951746635857,0.0401415935422101,0.0,0.0,0.0,0.0,1.0,0.0,0.0,0.042245697,0.076879315,1.0
43,0.0030106375861376,0.0409442102399354,0.072265625,1,0.0062525485931765,0.0400405807794671,0.0,0.0,0.0,0.0,1.0,0.0,0.0,0.08781278,0.066858895,1.0
44,0.0064226935170937,0.0904197254073488,0.0546874999999999,1,0.0095827103438901,0.040071323794215,0.0,0.0,0.0,0.0,1.0,0.0,0.0,0.06611085,0.0721492,1.0
45,0.0022078008965009,0.0657437553723847,0.05859375,1,0.0018349870871279,0.0397067994764903,0.0,0.0,0.0,0.0,1.0,0.0,0.0,0.0461379,0.08019242,1.0
46,0.0121763564594902,0.0431547469798619,0.06640625,1,0.0001359249694168,0.0383541068275844,0.0,0.0,0.0,0.0,1.0,0.0,0.0,0.05507077,0.07677026,1.0
47,0.0062888874021542,0.0524627853682104,0.060546875,1,0.0050292238684246,0.0396716646024928,0.0,0.0,0.0,0.0,1.0,0.0,0.0,0.08189763,0.06483692,1.0
48,0.0006690305746972,0.0788730688470024,0.0390625,1,0.0084273481038466,0.039597002995248,0.0,0.0,0.0,0.0,1.0,0.0,0.0,0.08097558,0.067532524,1.0
49,0.0022078008965009,0.0824359275727315,0.0546874999999999,1,0.0161750713606089,0.0396584890247437,0.0,0.0,0.0,0.0,1.0,0.0,0.0,0.08125706,0.06553234,1.0
50,0.0052853415401083,0.0799665041738886,0.0449218749999999,1,0.0108739975533505,0.039553084402751,0.0,0.0,0.0,0.0,1.0,0.0,0.0,0.047465947,0.07768497,1.0
51,0.0030106375861376,0.0424998732871305,0.05859375,1,0.0025146119342123,0.039597002995248,0.0,0.0,0.0,0.0,1.0,0.0,0.0,0.054665472,0.07685469,1.0
52,0.0006690305746972,0.0520957405804594,0.060546875,1,0.0142041593040641,0.0399395680167242,0.0,0.0,0.0,0.0,1.0,0.0,0.0,0.10776286,0.059612975,1.0
53,0.0050177293102294,0.1098620933363269,0.04296875,1,0.0002038874541253,0.0399439598759739,0.0,0.0,0.0,0.0,1.0,0.0,0.0,0.04154673,0.08266336,1.0
54,0.0001338061149394,0.0402212440608532,0.076171875,1,0.009718635313307,0.0401108505274622,0.0,0.0,0.0,0.0,1.0,0.0,0.0,0.04024136,0.08827692,1.0
55,0.0044825048504716,0.0430580817675999,0.091796875,1,0.001699062117711,0.039654097165494,0.0,0.0,0.0,0.0,1.0,0.0,0.0,0.042602606,0.08545332,1.0
56,0.0002007091724091,0.0432260601702724,0.08203125,1,0.0061845861084681,0.0399790947499714,0.0,0.0,0.0,0.0,1.0,0.0,0.0,0.0482949,0.08231063,1.0
57,0.0006021275172275,0.0488112397062471,0.076171875,1,0.0043495990213402,0.0396189622914964,0.0,0.0,0.0,0.0,1.0,0.0,0.0,0.1513327,0.05033776,1.0
58,0.0009366428045761,0.1553922061393031,0.0371093749999999,1,0.0038738616283811,0.0399439598759739,0.0,0.0,0.0,0.0,1.0,0.0,0.0,0.06303778,0.07274431,1.0
59,0.0046163109654111,0.063986231443955,0.0644531249999999,1,0.0011553622400434,0.040128417964461,0.0,0.0,0.0,0.0,1.0,0.0,0.0,0.050813496,0.07801649,1.0
60,0.0076938516090185,0.0479073493218642,0.0625,1,0.0023786869647954,0.0395355169657522,0.0,0.0,0.0,0.0,1.0,0.0,0.0,0.07115365,0.07090579,1.0
61,0.0047501170803505,0.0705751809819953,0.0546874999999999,1,0.0053690362919668,0.0395443006842516,0.0,0.0,0.0,0.0,1.0,0.0,0.0,0.059554826,0.07154779,1.0
62,0.0040810865056533,0.0536611224275841,0.0449218749999999,1,0.001087399755335,0.0398649064094793,0.0,0.0,0.0,0.0,1.0,0.0,0.0,0.09539804,0.062227085,1.0
63,0.0010704489195156,0.0957132758594984,0.04296875,1,0.0045534864754655,0.0397199750542394,0.0,0.0,0.0,0.0,1.0,0.0,0.0,0.091945454,0.06140334,1.0
64,0.0002676122298789,0.0907716954525,0.0390625,1,0.0047573739295908,0.0394696390770068,0.0,0.0,0.0,0.0,1.0,0.0,0.0,0.08282314,0.06406109,1.0
65,0.0101692647353984,0.0806884163807166,0.041015625,1,0.009718635313307,0.0400361889202174,0.0,0.0,0.0,0.0,1.0,0.0,0.0,0.042616054,0.0841799,1.0
66,0.006088178229745,0.043078804289809,0.08203125,1,0.0004077749082506,0.0401020668089629,0.0,0.0,0.0,0.0,1.0,0.0,0.0,0.05580869,0.07629473,1.0
67,0.0054860507125175,0.0529879889804807,0.05859375,1,0.0008835123012097,0.0396233541507461,0.0,0.0,0.0,0.0,1.0,0.0,0.0,0.05393256,0.076021686,1.0
68,6.690305746972637e-05,0.0500262828557138,0.0566406249999999,1,0.0023107244800869,0.0395662599805001,0.0,0.0,0.0,0.0,1.0,0.0,0.0,0.051582813,0.0809337,1.0
69,0.0026092192413193,0.0528886951362222,0.076171875,1,0.0162430338453173,0.0395662599805001,0.0,0.0,0.0,0.0,1.0,0.0,0.0,0.054486822,0.076848075,1.0
70,0.0006690305746972,0.0519890269394951,0.060546875,1,0.00740791083322,0.0396892320394916,0.0,0.0,0.0,0.0,1.0,0.0,0.0,0.06044554,0.07582491,1.0
71,0.0010035458620458,0.0605086730862409,0.0644531249999999,1,0.001087399755335,0.0397595017874867,0.0,0.0,0.0,0.0,1.0,0.0,0.0,0.15156724,0.04999831,1.0
72,0.003412055930956,0.1556104350836726,0.0371093749999999,1,0.000475737392959,0.039755109928237,0.0,0.0,0.0,0.0,1.0,0.0,0.0,0.061708953,0.071879596,1.0
73,0.0070248210343212,0.0606024577209475,0.05859375,1,0.0044855239907571,0.0398780819872284,0.0,0.0,0.0,0.0,1.0,0.0,0.0,0.17795557,0.045892067,1.0
74,0.0002007091724091,0.1825943461111309,0.0371093749999999,1,0.0061845861084681,0.0401152423867119,0.0,0.0,0.0,0.0,1.0,0.0,0.0,0.06382412,0.066687554,1.0
75,0.0022747039539706,0.0576673759431038,0.0390625,1,0.0001359249694168,0.0400669319349653,0.0,0.0,0.0,0.0,1.0,0.0,0.0,0.121712245,0.05568604,1.0
76,0.0021408978390312,0.124117502680433,0.0390625,1,0.0033301617507136,0.0396101785729971,0.0,0.0,0.0,0.0,1.0,0.0,0.0,0.104516,0.05834001,1.0
77,0.0148524787582792,0.1057285443272375,0.041015625,1,0.0066603235014272,0.0400932830904635,0.0,0.0,0.0,0.0,1.0,0.0,0.0,0.1358364,0.050947383,1.0
78,0.0037465712183046,0.1376176338275443,0.033203125,1,0.0005436998776675,0.0395047739510044,0.0,0.0,0.0,0.0,1.0,0.0,0.0,0.050748207,0.07746616,1.0
79,0.0054191476550478,0.049747347628958,0.068359375,1,0.0002718499388337,0.0396497053062443,0.0,0.0,0.0,0.0,1.0,0.0,0.0,0.058690548,0.07438204,1.0
80,0.020271626413327,0.0554103468493986,0.0546874999999999,1,0.0053010738072583,0.0400757156534647,0.0,0.0,0.0,0.0,1.0,0.0,0.0,0.053683426,0.077215664,1.0
81,0.0007359336321669,0.0511461640680858,0.0625,1,0.0129808345793122,0.0399220005797254,0.0,0.0,0.0,0.0,1.0,0.0,0.0,0.048214715,0.082413234,1.0
82,0.0004014183448183,0.0492225303332112,0.078125,1,0.0012233247247519,0.0400888912312138,0.0,0.0,0.0,0.0,1.0,0.0,0.0,0.048571907,0.082484454,1.0
83,0.0006021275172275,0.049740095795958,0.078125,1,0.0034660867201304,0.040128417964461,0.0,0.0,0.0,0.0,1.0,0.0,0.0,0.14168882,0.052724734,1.0
84,0.0045494079079413,0.1463502789487688,0.041015625,1,0.0048253364142993,0.0401020668089629,0.0,0.0,0.0,0.0,1.0,0.0,0.0,0.05165515,0.075833045,1.0
85,0.0001338061149394,0.0492219970484451,0.0625,1,0.0072040233790947,0.0400230133424684,0.0,0.0,0.0,0.0,1.0,0.0,0.0,0.06156482,0.07517059,1.0
86,0.0015387703218037,0.0613239836112521,0.0625,1,0.0008155498165012,0.0401547691199592,0.0,0.0,0.0,0.0,1.0,0.0,0.0,0.047615215,0.07944898,1.0
87,0.0001338061149394,0.0444715089495901,0.0644531249999999,1,0.0006116623623759,0.0397770692244855,0.0,0.0,0.0,0.0,1.0,0.0,0.0,0.040725354,0.08451169,1.0
88,0.0076938516090185,0.0390500772304467,0.076171875,1,0.0005436998776675,0.0402118632902052,0.0,0.0,0.0,0.0,1.0,0.0,0.0,0.041922625,0.080120206,1.0
89,0.0048170201378202,0.0347293431689212,0.0566406249999999,1,0.0026505369036291,0.0401064586682126,0.0,0.0,0.0,0.0,1.0,0.0,0.0,0.048694734,0.08044924,1.0
90,0.0013380611493945,0.046794140467707,0.068359375,1,0.0046894114448824,0.0400844993719641,0.0,0.0,0.0,0.0,1.0,0.0,0.0,0.046504237,0.080148205,1.0
91,0.0012711580919248,0.0430245604110053,0.0644531249999999,1,0.0184178333559874,0.0396101785729971,0.0,0.0,0.0,0.0,1.0,0.0,0.0,0.06041056,0.072782665,1.0
92,0.0045494079079413,0.0558619025757471,0.048828125,1,0.0,0.03971119133574,0.0,0.0,0.0,0.0,1.0,0.0,0.0,0.063436024,0.07233832,1.0
93,0.0042817956780624,0.0606545159720288,0.052734375,1,6.796248470844094e-05,0.0395750436989995,0.0,0.0,0.0,0.0,1.0,0.0,0.0,0.041820485,0.08327973,1.0
94,0.001204255034455,0.0398312659286149,0.0742187499999999,1,0.0003398124235422,0.0399263924389751,0.0,0.0,0.0,0.0,1.0,0.0,0.0,0.052170515,0.0807043,1.0
95,0.0044825048504716,0.0530670704922866,0.0742187499999999,1,0.0127089846404784,0.0400801075127144,0.0,0.0,0.0,0.0,1.0,0.0,0.0,0.10416305,0.062014777,1.0
96,0.0011373519769853,0.1080435838858501,0.05078125,1,0.006320511077885,0.0397726773652358,0.0,0.0,0.0,0.0,1.0,0.0,0.0,0.06500906,0.07125579,1.0
97,0.0137151267812939,0.0634096435349731,0.0546874999999999,1,0.0,0.038718631145309,0.0,0.0,0.0,0.0,1.0,0.0,0.0,0.103383005,0.061812673,1.0
98,0.0016056733792734,0.1069490420980516,0.05078125,1,0.0003398124235422,0.0400625400757156,0.0,0.0,0.0,0.0,1.0,0.0,0.0,0.18084966,0.04356202,1.0
99,0.000468321402288,0.1840120794626298,0.03125,1,0.006796248470844,0.0396365297284952,0.0,0.0,0.0,0.0,1.0,0.0,0.0,0.05726015,0.07250515,1.0
100,0.0044825048504716,0.0552725011355553,0.05859375,1,0.0018349870871279,0.0400449726387168,0.0,0.0,0.0,0.0,1.0,0.0,0.0,0.11768622,0.056305885,1.0
101,0.0001338061149394,0.119149360912901,0.0371093749999999,1,0.0070680984096778,0.0400669319349653,0.0,0.0,0.0,0.0,1.0,0.0,0.0,0.05184786,0.075490296,1.0
102,0.0094333311032314,0.0482745893674233,0.05859375,1,0.0029223868424629,0.0394696390770068,0.0,0.0,0.0,0.0,1.0,0.0,0.0,0.04788397,0.08084084,1.0
103,0.0032782498160165,0.0463144592188142,0.0703125,1,0.0037379366589642,0.0400757156534647,0.0,0.0,0.0,0.0,1.0,0.0,0.0,0.058699686,0.077348724,1.0
104,0.0006021275172275,0.0594642600664527,0.068359375,1,0.0087671605273888,0.0397243669134891,0.0,0.0,0.0,0.0,1.0,0.0,0.0,0.065517314,0.07348876,1.0
105,0.0082290760687763,0.0656448604419276,0.060546875,1,0.0031942367812967,0.03971119133574,0.0,0.0,0.0,0.0,1.0,0.0,0.0,0.045849267,0.08154756,1.0
106,0.0119087442296112,0.0444012497314339,0.072265625,1,0.0054369987766752,0.0395399088250019,0.0,0.0,0.0,0.0,1.0,0.0,0.0,0.13044798,0.055202764,1.0
107,0.0068910149193818,0.134645327093392,0.04296875,1,0.001699062117711,0.0397770692244855,0.0,0.0,0.0,0.0,1.0,0.0,0.0,0.09430744,0.06355925,1.0
108,0.0024754131263798,0.0985756965381922,0.0566406249999999,1,0.0044175615060486,0.0402030795717058,0.0,0.0,0.0,0.0,1.0,0.0,0.0,0.04604195,0.08373072,1.0
109,0.0177962132869472,0.0488960214863203,0.0859375,1,0.001087399755335,0.0402074714309555,0.0,0.0,0.0,0.0,1.0,0.0,0.0,0.04306455,0.08509913,1.0
110,0.0004014183448183,0.0435663189460332,0.08203125,1,0.0008155498165012,0.0396409215877449,0.0,0.0,0.0,0.0,1.0,0.0,0.0,0.10749589,0.06076692,1.0
111,0.0177293102294774,0.1107483559297811,0.0468749999999999,1,0.0020388745412532,0.0400186214832187,0.0,0.0,0.0,0.0,1.0,0.0,0.0,0.04220213,0.08244401,1.0
112,0.0008697397471064,0.040840186117811,0.076171875,1,0.0087671605273888,0.039597002995248,0.0,0.0,0.0,0.0,1.0,0.0,0.0,0.060352556,0.07376175,1.0
113,0.0042148926205927,0.0569785231926794,0.052734375,1,0.0106701100992252,0.0396760564617425,0.0,0.0,0.0,0.0,1.0,0.0,0.0,0.0421156,0.0832632,1.0
114,0.0088981066434736,0.0401964001292119,0.0742187499999999,1,0.0,0.0395794355582492,0.0,0.0,0.0,0.0,1.0,0.0,0.0,0.03717938,0.08796048,1.0
115,0.0024085100689101,0.0371813865233014,0.0859375,1,0.0046894114448824,0.040071323794215,0.0,0.0,0.0,0.0,1.0,0.0,0.0,0.05915636,0.07548752,1.0
116,0.0011373519769853,0.0572124777390089,0.05859375,1,0.0030583118118798,0.0399307842982248,0.0,0.0,0.0,0.0,1.0,0.0,0.0,0.06696128,0.07386409,1.0
117,0.0034789589884257,0.0684904973473145,0.0644531249999999,1,0.0026505369036291,0.0395091658102541,0.0,0.0,0.0,0.0,1.0,0.0,0.0,0.047343828,0.07939558,1.0
118,0.0033451528734863,0.0441273177235661,0.0644531249999999,1,0.0047573739295908,0.0396321378692455,0.0,0.0,0.0,0.0,1.0,0.0,0.0,0.07376202,0.06911248,1.0
119,0.0078276577239579,0.0720796297957309,0.048828125,1,0.0019709120565447,0.0400844993719641,0.0,0.0,0.0,0.0,1.0,0.0,0.0,0.1504563,0.048047516,1.0
120,0.0040141834481835,0.1515307478359561,0.02734375,1,0.0114856599157265,0.0400317970609677,0.0,0.0,0.0,0.0,1.0,0.0,0.0,0.07537307,0.06658055,1.0
121,0.0034789589884257,0.0747923549211338,0.05078125,1,0.0021068370259616,0.0400932830904635,0.0,0.0,0.0,0.0,1.0,0.0,0.0,0.047470044,0.08077571,1.0
122,0.0006021275172275,0.0465534043867538,0.072265625,1,0.001699062117711,0.0397507180689873,0.0,0.0,0.0,0.0,1.0,0.0,0.0,0.24825077,0.03678346,1.0
123,0.0038134742757744,0.2485454841715801,0.02734375,1,0.0016310996330025,0.0400493644979665,0.0,0.0,0.0,0.0,1.0,0.0,0.0,0.10814485,0.054605886,1.0
124,0.0064895965745634,0.1095256977258006,0.0390625,1,0.0038058991436726,0.0400844993719641,0.0,0.0,0.0,0.0,1.0,0.0,0.0,0.045117803,0.080241114,1.0
125,0.0066903057469726,0.0430321166782221,0.0703125,1,0.0041457115672148,0.0396584890247437,0.0,0.0,0.0,0.0,1.0,0.0,0.0,0.18557009,0.04454718,1.0
126,0.011239713654914,0.1891793673980008,0.033203125,1,0.0007475873317928,0.03971119133574,0.0,0.0,0.0,0.0,1.0,0.0,0.0,0.12393975,0.052240465,1.0
127,0.0131129992640663,0.1261128359222415,0.0371093749999999,1,0.0018349870871279,0.0401415935422101,0.0,0.0,0.0,0.0,1.0,0.0,0.0,0.071464464,0.06979658,1.0
128,0.001940188666622,0.0721565445757314,0.05859375,1,0.0003398124235422,0.0399878784684708,0.0,0.0,0.0,0.0,1.0,0.0,0.0,0.14916815,0.04941695,1.0
129,0.0105706830802167,0.1519739347706607,0.033203125,1,0.0017670246024194,0.0394828146547559,0.0,0.0,0.0,0.0,1.0,0.0,0.0,0.10723701,0.058660198,1.0
130,0.0008697397471064,0.1109327590833391,0.048828125,1,0.0059127361696343,0.0396453134469946,0.0,0.0,0.0,0.0,1.0,0.0,0.0,0.058976106,0.07657233,1.0
131,0.0018063825516826,0.0611508046323373,0.072265625,1,0.0061845861084681,0.0399834866092211,0.0,0.0,0.0,0.0,1.0,0.0,0.0,0.051416893,0.07797067,1.0
132,0.0101692647353984,0.0487407852302828,0.0625,1,0.0068642109555525,0.0396453134469946,0.0,0.0,0.0,0.0,1.0,0.0,0.0,0.07399368,0.068925284,1.0
133,6.690305746972637e-05,0.0722368837157849,0.048828125,1,0.008631235557972,0.039654097165494,0.0,0.0,0.0,0.0,1.0,0.0,0.0,0.090342626,0.063863516,1.0
134,0.0022747039539706,0.0911492715646077,0.0468749999999999,1,0.0017670246024194,0.039812204098483,0.0,0.0,0.0,0.0,1.0,0.0,0.0,0.06270389,0.073023684,1.0
135,0.0033451528734863,0.0616332551828303,0.05859375,1,0.0103982601603914,0.0395618681212504,0.0,0.0,0.0,0.0,1.0,0.0,0.0,0.049261365,0.07765283,1.0
136,0.0009366428045761,0.0447906336920627,0.05859375,1,0.0082914231344297,0.0401503772607095,0.0,0.0,0.0,0.0,1.0,0.0,0.0,0.13123101,0.053496424,1.0
137,0.0018732856091523,0.1334112893483403,0.03515625,1,0.0011553622400434,0.0399659191722223,0.0,0.0,0.0,0.0,1.0,0.0,0.0,0.060459882,0.07308812,1.0
138,0.0074262393791396,0.0595730606564622,0.060546875,1,0.0125730596710615,0.0395399088250019,0.0,0.0,0.0,0.0,1.0,0.0,0.0,0.122113094,0.05796529,1.0
139,0.0052184384826386,0.1278970219894283,0.05078125,1,0.0016310996330025,0.0396760564617425,0.0,0.0,0.0,0.0,1.0,0.0,0.0,0.045465905,0.07985783,1.0
140,0.0002007091724091,0.0436275417168149,0.0703125,1,0.0034660867201304,0.0401547691199592,0.0,0.0,0.0,0.0,1.0,0.0,0.0,0.038920395,0.08389244,1.0
141,0.0059543721148056,0.0350071971293205,0.0703125,1,0.0050292238684246,0.0399747028907217,0.0,0.0,0.0,0.0,1.0,0.0,0.0,0.045425452,0.08199486,1.0
142,0.0006021275172275,0.0432419957268647,0.0703125,1,0.0018349870871279,0.039869298268729,0.0,0.0,0.0,0.0,1.0,0.0,0.0,0.043570302,0.081574775,1.0
143,0.0018063825516826,0.039852320179143,0.06640625,1,0.0014951746635857,0.0403260516306973,0.0,0.0,0.0,0.0,1.0,0.0,0.0,0.04187271,0.08298631,1.0
144,0.0036796681608349,0.0387632876008963,0.0703125,1,0.0006116623623759,0.0399922703277205,0.0,0.0,0.0,0.0,1.0,0.0,0.0,0.044733003,0.08467043,1.0
145,0.002676122298789,0.0458622799272078,0.08203125,1,0.006320511077885,0.0400888912312138,0.0,0.0,0.0,0.0,1.0,0.0,0.0,0.054029025,0.07718105,1.0
146,0.003412055930956,0.0514114249496391,0.060546875,1,0.0002718499388337,0.0401547691199592,0.0,0.0,0.0,0.0,1.0,0.0,0.0,0.048697527,0.08349791,1.0
147,0.0011373519769853,0.0514984784388339,0.0839843749999999,1,0.0015631371482941,0.0401020668089629,0.0,0.0,0.0,0.0,1.0,0.0,0.0,0.12909338,0.0543196,1.0
148,0.0003345152873486,0.1317513859257496,0.0371093749999999,1,0.0015631371482941,0.0400449726387168,0.0,0.0,0.0,0.0,1.0,0.0,0.0,0.059824977,0.07496806,1.0
149,0.0024085100689101,0.0611031554285345,0.068359375,1,0.0026505369036291,0.039654097165494,0.0,0.0,0.0,0.0,1.0,0.0,0.0,0.06944023,0.0723715,1.0
150,0.0074262393791396,0.0703808469743289,0.060546875,1,0.0019029495718363,0.0398253796762321,0.0,0.0,0.0,0.0,1.0,0.0,0.0,0.04744003,0.07928215,1.0
151,0.0066234026895029,0.0441667660994309,0.0644531249999999,1,0.0008835123012097,0.0396716646024928,0.0,0.0,0.0,0.0,1.0,0.0,0.0,0.045755737,0.08122543,1.0
152,0.0042817956780624,0.0430902573150015,0.068359375,1,0.0002718499388337,0.0400493644979665,0.0,0.0,0.0,0.0,1.0,0.0,0.0,0.046463005,0.08655884,1.0
153,0.0006690305746972,0.0515158185919164,0.09375,1,0.0027184993883376,0.0397638936467364,0.0,0.0,0.0,0.0,1.0,0.0,0.0,0.053895477,0.07474018,1.0
154,0.0095671372181708,0.0479092242167308,0.048828125,1,0.0025146119342123,0.0396189622914964,0.0,0.0,0.0,0.0,1.0,0.0,0.0,0.060169745,0.074635215,1.0
155,0.0064226935170937,0.0582243624876132,0.05859375,1,0.0012912872094603,0.0399790947499714,0.0,0.0,0.0,0.0,1.0,0.0,0.0,0.042907283,0.08176902,1.0
156,0.018331437746705,0.0394800811137886,0.068359375,1,0.0012912872094603,0.0396804483209922,0.0,0.0,0.0,0.0,1.0,0.0,0.0,0.0415648,0.08307286,1.0
157,0.0044825048504716,0.038058795329911,0.0703125,1,0.0017670246024194,0.0401020668089629,0.0,0.0,0.0,0.0,1.0,0.0,0.0,0.052553605,0.07725997,1.0
158,0.0082290760687763,0.0488756957783664,0.05859375,1,0.0035340492048389,0.0402557818827022,0.0,0.0,0.0,0.0,1.0,0.0,0.0,0.06445369,0.07349469,1.0
159,0.0016725764367431,0.0635573235237938,0.05859375,1,0.0001359249694168,0.0408618584591601,0.0,0.0,0.0,0.0,1.0,0.0,0.0,0.050159004,0.07984366,1.0
160,0.0006021275172275,0.0494052328542475,0.0703125,1,0.0059127361696343,0.0396936238987412,0.0,0.0,0.0,0.0,1.0,0.0,0.0,0.049448628,0.08046334,1.0
161,0.0077607546664882,0.048518701518864,0.0703125,1,0.006320511077885,0.0398429471132309,0.0,0.0,0.0,0.0,1.0,0.0,0.0,0.044693783,0.08277901,1.0
162,0.0056867598849267,0.0434769517567904,0.0742187499999999,1,0.0023107244800869,0.0399395680167242,0.0,0.0,0.0,0.0,1.0,0.0,0.0,0.037561428,0.089490175,1.0
163,0.0052184384826386,0.040056496859972,0.09375,1,0.0020388745412532,0.0402118632902052,0.0,0.0,0.0,0.0,1.0,0.0,0.0,0.05295652,0.07689163,1.0
164,0.0002007091724091,0.0488957317489277,0.0566406249999999,1,0.0092428979203479,0.0403524027861955,0.0,0.0,0.0,0.0,1.0,0.0,0.0,0.044107005,0.08411603,1.0
165,0.0013380611493945,0.0445350832122537,0.0800781249999999,1,0.0022427619953785,0.0398429471132309,0.0,0.0,0.0,0.0,1.0,0.0,0.0,0.042793453,0.08824478,1.0
166,0.0048170201378202,0.0475109402792383,0.095703125,1,0.0093108604050564,0.0399527435944732,0.0,0.0,0.0,0.0,1.0,0.0,0.0,0.05661058,0.076914385,1.0
167,6.690305746972637e-05,0.055227967658496,0.0625,1,0.0040777490825064,0.0400844993719641,0.0,0.0,0.0,0.0,1.0,0.0,0.0,0.04104665,0.08843035,1.0
168,0.0046163109654111,0.0452521517657143,0.095703125,1,0.0002038874541253,0.0402338225864537,0.0,0.0,0.0,0.0,1.0,0.0,0.0,0.04780037,0.080438346,1.0
169,0.0022747039539706,0.0452926289192774,0.06640625,1,0.0025825744189207,0.0400230133424684,0.0,0.0,0.0,0.0,1.0,0.0,0.0,0.047508243,0.08320767,1.0
170,0.0033451528734863,0.0488633567446255,0.0800781249999999,1,0.0031262742965882,0.0401108505274622,0.0,0.0,0.0,0.0,1.0,0.0,0.0,0.043298885,0.08246732,1.0
171,0.0017394794942128,0.0406659111757156,0.0703125,1,0.0001359249694168,0.0402689574604513,0.0,0.0,0.0,0.0,1.0,0.0,0.0,0.04229618,0.08882514,1.0
172,0.0027430253562587,0.0473786730599755,0.09765625,1,0.0030583118118798,0.0394257204845099,0.0,0.0,0.0,0.0,1.0,0.0,0.0,0.046478093,0.08334498,1.0
173,0.0047501170803505,0.047111188758866,0.078125,1,0.0055729237460921,0.0398517308317303,0.0,0.0,0.0,0.0,1.0,0.0,0.0,0.046144813,0.082431704,1.0
174,0.0014049642068642,0.045415076560387,0.0742187499999999,1,0.0032621992660051,0.0400757156534647,0.0,0.0,0.0,0.0,1.0,0.0,0.0,0.044173505,0.083902754,1.0
175,0.0065564996320331,0.0440841027615977,0.078125,1,0.0003398124235422,0.0401547691199592,0.0,0.0,0.0,0.0,1.0,0.0,0.0,0.048229326,0.08016862,1.0
176,0.0003345152873486,0.045723508313436,0.06640625,1,0.0032621992660051,0.0395179495287535,0.0,0.0,0.0,0.0,1.0,0.0,0.0,0.066084266,0.071974896,1.0
177,0.001940188666622,0.0640030194163545,0.052734375,1,0.0075438358026369,0.0397463262097376,0.0,0.0,0.0,0.0,1.0,0.0,0.0,0.07113134,0.07091556,1.0
178,0.0126446778617782,0.0712424315003013,0.0566406249999999,1,0.0008835123012097,0.0394608553585074,0.0,0.0,0.0,0.0,1.0,0.0,0.0,0.061669763,0.07748441,1.0
179,0.0015387703218037,0.0652753843795345,0.076171875,1,0.0046894114448824,0.0400274052017181,0.0,0.0,0.0,0.0,1.0,0.0,0.0,0.0375743,0.08776593,1.0
180,0.0050846323676992,0.0385318483110618,0.087890625,1,0.0021068370259616,0.0397375424912382,0.0,0.0,0.0,0.0,1.0,0.0,0.0,0.052276243,0.081647456,1.0
181,0.0076269485515488,0.0543274197518595,0.078125,1,0.0056408862308005,0.0397682855059861,0.0,0.0,0.0,0.0,1.0,0.0,0.0,0.05352232,0.076696165,1.0
182,0.00976784639058,0.0501259924101442,0.05859375,1,0.0001359249694168,0.0396057867137474,0.0,0.0,0.0,0.0,1.0,0.0,0.0,0.046867847,0.078190416,1.0
183,0.0031444437010771,0.0410060754718919,0.0566406249999999,1,0.0005436998776675,0.0400493644979665,0.0,0.0,0.0,0.0,1.0,0.0,0.0,0.041471817,0.08639159,1.0
184,0.0057536629423964,0.0427810130375255,0.0859375,1,0.0006796248470844,0.0403831458009433,0.0,0.0,0.0,0.0,1.0,0.0,0.0,0.039921712,0.08541678,1.0
185,0.0085635913561249,0.0385652310975991,0.078125,1,0.0006116623623759,0.0400317970609677,0.0,0.0,0.0,0.0,1.0,0.0,0.0,0.043801185,0.08333838,1.0
186,0.0013380611493945,0.042309879041714,0.0742187499999999,1,0.0012912872094603,0.0400361889202174,0.0,0.0,0.0,0.0,1.0,0.0,0.0,0.051076088,0.0797323,1.0
187,0.0124439686893691,0.0499748775635389,0.068359375,1,0.0021747995106701,0.040014229623969,0.0,0.0,0.0,0.0,1.0,0.0,0.0,0.043633994,0.08178955,1.0
188,0.000468321402288,0.0403039976791782,0.068359375,1,6.796248470844094e-05,0.0400537563572162,0.0,0.0,0.0,0.0,1.0,0.0,0.0,0.046870645,0.07975514,1.0
189,0.0022078008965009,0.0429070697987645,0.0625,1,0.008019573195596,0.0400537563572162,0.0,0.0,0.0,0.0,1.0,0.0,0.0,0.036562417,0.08887243,1.0
190,0.0033451528734863,0.0376130553468775,0.0898437499999999,1,0.0142721217887725,0.0394257204845099,0.0,0.0,0.0,0.0,1.0,0.0,0.0,0.043237735,0.08407813,1.0
191,0.0106375861376864,0.0423070698487337,0.076171875,1,0.0101943727062661,0.0401855121347071,0.0,0.0,0.0,0.0,1.0,0.0,0.0,0.049915817,0.078000516,1.0
192,0.0020739947815615,0.0454721653244585,0.05859375,1,0.0014951746635857,0.039654097165494,0.0,0.0,0.0,0.0,1.0,0.0,0.0,0.0548347,0.07674526,1.0
193,0.0016056733792734,0.052336518652339,0.060546875,1,0.000475737392959,0.0400317970609677,0.0,0.0,0.0,0.0,1.0,0.0,0.0,0.04958297,0.078602694,1.0
194,0.0002676122298789,0.0463471995441767,0.0625,1,0.0026505369036291,0.0397375424912382,0.0,0.0,0.0,0.0,1.0,0.0,0.0,0.050069995,0.07860099,1.0
195,0.0027430253562587,0.046972207190462,0.0625,1,0.00740791083322,0.0399395680167242,0.0,0.0,0.0,0.0,1.0,0.0,0.0,0.040575057,0.081524014,1.0
196,0.0050846323676992,0.0347856299062972,0.0625,1,0.0,0.0401942958532064,0.0,0.0,0.0,0.0,1.0,0.0,0.0,0.040872578,0.08336796,1.0
197,0.0047501170803505,0.0373707949952937,0.0703125,1,0.0019709120565447,0.0396365297284952,0.0,0.0,0.0,0.0,1.0,0.0,0.0,0.04211308,0.08088677,1.0
198,0.0078276577239579,0.036149148772641,0.060546875,1,0.0016310996330025,0.040014229623969,0.0,0.0,0.0,0.0,1.0,0.0,0.0,0.0464918,0.08112647,1.0
199,0.0066903057469726,0.0439571851863662,0.068359375,1,0.0038058991436726,0.0400844993719641,0.0,0.0,0.0,0.0,1.0,0.0,0.0,0.04404398,0.08306379,1.0
200,0.0007359336321669,0.0426374649558687,0.0742187499999999,1,0.0099904852521408,0.0401986877124562,0.0,0.0,0.0,0.0,1.0,0.0,0.0,0.04504757,0.08326428,1.0
201,0.006355790459624,0.0446294431226528,0.076171875,1,0.0014951746635857,0.0400274052017181,0.0,0.0,0.0,0.0,1.0,0.0,0.0,0.043267798,0.08294511,1.0
202,0.0080952699538368,0.0411092177845606,0.072265625,1,0.0029903493271714,0.0401459854014598,0.0,0.0,0.0,0.0,0.0,1.0,0.0,0.05733114,0.085558385,1.0
203,0.0028768314711982,0.0526075448880956,0.0703125,1,0.0008835123012097,0.0396189622914964,0.0,0.0,0.0,0.0,0.0,1.0,0.0,0.04484977,0.09110011,1.0
204,0.0020070917240917,0.0396679590165114,0.078125,1,0.0012233247247519,0.0381652568798475,0.0,0.0,0.0,0.0,0.0,1.0,0.0,0.053658225,0.08633794,1.0
205,0.0040810865056533,0.0477229440687599,0.068359375,1,0.0049612613837161,0.0399483517352235,0.0,0.0,0.0,0.0,0.0,1.0,0.0,0.047788605,0.08653001,1.0
206,0.0008028366896367,0.0387314563790918,0.0625,1,0.0132526845181459,0.0401328098237107,0.0,0.0,0.0,0.0,0.0,1.0,0.0,0.053613603,0.08438301,1.0
207,0.0020070917240917,0.0453580150904178,0.060546875,1,0.0027184993883376,0.040014229623969,0.0,0.0,0.0,0.0,0.0,1.0,0.0,0.04555299,0.092795566,1.0
208,0.0022078008965009,0.04277658509433,0.0859375,1,0.0001359249694168,0.0396189622914964,0.0,0.0,0.0,0.0,0.0,1.0,0.0,0.048126962,0.08764189,1.0
209,0.0030775406436074,0.0403907866255363,0.06640625,1,0.0062525485931765,0.0401679446977083,0.0,0.0,0.0,0.0,0.0,1.0,0.0,0.043589134,0.090352826,1.0
210,0.0074931424366093,0.0363488786143577,0.072265625,1,0.002786461873046,0.0400449726387168,0.0,0.0,0.0,0.0,0.0,1.0,0.0,0.04926188,0.087274514,1.0
211,0.0022747039539706,0.0416134532277021,0.06640625,1,0.0017670246024194,0.0398209878169824,0.0,0.0,0.0,0.0,0.0,1.0,0.0,0.051774662,0.08584538,1.0
212,0.0,0.0442303193666312,0.0644531249999999,1,0.0118254723392687,0.0398209878169824,0.0,0.0,0.0,0.0,0.0,1.0,0.0,0.04246917,0.09155112,1.0
213,0.0018732856091523,0.0361475090269626,0.076171875,1,0.0033301617507136,0.0400449726387168,0.0,0.0,0.0,0.0,0.0,1.0,0.0,0.04633329,0.08826679,1.0
214,0.0009366428045761,0.0381228419904973,0.06640625,1,0.0012912872094603,0.0396233541507461,0.0,0.0,0.0,0.0,0.0,1.0,0.0,0.044316705,0.08970223,1.0
215,0.0028768314711982,0.0367301835207352,0.0703125,1,0.0002718499388337,0.0396980157579909,0.0,0.0,0.0,0.0,0.0,1.0,0.0,0.0482789,0.08756401,1.0
216,0.006088178229745,0.0404887556560649,0.06640625,1,0.0042816365366317,0.0397638936467364,0.0,0.0,0.0,0.0,0.0,1.0,0.0,0.0425612,0.09489982,1.0
217,0.0066903057469726,0.0401125715431694,0.0898437499999999,1,0.0015631371482941,0.040014229623969,0.0,0.0,0.0,0.0,0.0,1.0,0.0,0.044961493,0.09015389,1.0
218,0.0025423161838496,0.0380854553691218,0.072265625,1,0.0002038874541253,0.039597002995248,0.0,0.0,0.0,0.0,0.0,1.0,0.0,0.041066624,0.09224032,1.0
219,0.0017394794942128,0.0343569025471198,0.076171875,1,0.0011553622400434,0.0395003820917547,0.0,0.0,0.0,0.0,0.0,1.0,0.0,0.047575984,0.08790627,1.0
220,0.0064226935170937,0.0396639383853027,0.06640625,1,0.0008835123012097,0.039597002995248,0.0,0.0,0.0,0.0,0.0,1.0,0.0,0.04981051,0.08927016,1.0
221,0.0033451528734863,0.0451305628390508,0.076171875,1,0.0048253364142993,0.0399527435944732,0.0,0.0,0.0,0.0,0.0,1.0,0.0,0.059227668,0.084933825,1.0
222,0.002676122298789,0.055020906201019,0.0703125,1,0.0062525485931765,0.0403260516306973,0.0,0.0,0.0,0.0,0.0,1.0,0.0,0.056252465,0.08465105,1.0
223,0.0,0.0502883419291244,0.06640625,1,0.0052331113225499,0.0402513900234525,0.0,0.0,0.0,0.0,0.0,1.0,0.0,0.04347011,0.09063678,1.0
224,0.0044156017930019,0.0368513042485686,0.0742187499999999,1,0.001699062117711,0.0399044331427266,0.0,0.0,0.0,0.0,0.0,1.0,0.0,0.047839116,0.09518107,1.0
225,0.0010035458620458,0.0490158971831842,0.09765625,1,0.0039418241130895,0.0400537563572162,0.0,0.0,0.0,0.0,0.0,1.0,0.0,0.034820113,0.09961599,1.0
226,0.0064895965745634,0.0328765229324322,0.09765625,1,0.0033301617507136,0.0400976749497132,0.0,0.0,0.0,0.0,0.0,1.0,0.0,0.04114679,0.094942495,1.0
227,0.0132468053790058,0.0373220204346618,0.0859375,1,0.0019029495718363,0.0395267332472528,0.0,0.0,0.0,0.0,0.0,1.0,0.0,0.05364602,0.08783993,1.0
228,0.0072255302067304,0.0492058557363131,0.0742187499999999,1,0.0069321734402609,0.0397770692244855,0.0,0.0,0.0,0.0,0.0,1.0,0.0,0.063505284,0.08082461,1.0
229,0.0007359336321669,0.0566753508031697,0.05859375,1,0.0025146119342123,0.0397243669134891,0.0,0.0,0.0,0.0,0.0,1.0,0.0,0.04740061,0.091447584,1.0
230,0.0010704489195156,0.0445375081882569,0.0839843749999999,1,0.0097865977980154,0.0397243669134891,0.0,0.0,0.0,0.0,0.0,1.0,0.0,0.0587042,0.086100735,1.0
231,0.0018732856091523,0.0556030621068498,0.0742187499999999,1,0.0049612613837161,0.0394125449067608,0.0,0.0,0.0,0.0,0.0,1.0,0.0,0.11321441,0.065721564,1.0
232,0.0,0.1106433093285973,0.048828125,1,0.0012233247247519,0.0396892320394916,0.0,0.0,0.0,0.0,0.0,1.0,0.0,0.06735398,0.08214181,1.0
233,0.0006021275172275,0.0664537400565512,0.076171875,1,0.0063884735625934,0.0395355169657522,0.0,0.0,0.0,0.0,0.0,1.0,0.0,0.05376954,0.08844125,1.0
234,0.0014718672643339,0.0513191981783042,0.0800781249999999,1,0.0006116623623759,0.0396321378692455,0.0,0.0,0.0,0.0,0.0,1.0,0.0,0.123609036,0.06319119,1.0
235,0.0090988158158827,0.1213556355737916,0.0468749999999999,1,0.0029223868424629,0.0397507180689873,0.0,0.0,0.0,0.0,0.0,1.0,0.0,0.047507986,0.088422656,1.0
236,0.0046163109654111,0.042861404666237,0.078125,1,0.002786461873046,0.0396936238987412,0.0,0.0,0.0,0.0,0.0,1.0,0.0,0.05931078,0.083161026,1.0
237,0.0044156017930019,0.0528331432400593,0.0625,1,0.009718635313307,0.0400932830904635,0.0,0.0,0.0,0.0,0.0,1.0,0.0,0.042442318,0.09509219,1.0
238,0.0040810865056533,0.040571217437451,0.091796875,1,0.0005436998776675,0.0400757156534647,0.0,0.0,0.0,0.0,0.0,1.0,0.0,0.0682697,0.07981111,1.0
239,0.0079614638388974,0.0624758745068661,0.05859375,1,0.0028544243577545,0.0396848401802419,0.0,0.0,0.0,0.0,0.0,1.0,0.0,0.11724207,0.06328961,1.0
240,0.003412055930956,0.1131589164479095,0.04296875,1,0.0006796248470844,0.0394476797807583,0.0,0.0,0.0,0.0,0.0,1.0,0.0,0.12215751,0.06144702,1.0
241,0.0107713922526259,0.119035332452547,0.0449218749999999,1,0.0023786869647954,0.0398034203799836,0.0,0.0,0.0,0.0,0.0,1.0,0.0,0.0906128,0.06985137,1.0
242,0.0072255302067304,0.0858125754355184,0.05078125,1,0.0081554981650129,0.0398429471132309,0.0,0.0,0.0,0.0,0.0,1.0,0.0,0.07893328,0.07366989,1.0
243,0.0050846323676992,0.0725138411699043,0.05078125,1,0.0116895473698518,0.0399790947499714,0.0,0.0,0.0,0.0,0.0,1.0,0.0,0.07691213,0.073630564,1.0
244,0.0066903057469726,0.0690756975953138,0.0468749999999999,1,0.0081554981650129,0.0400801075127144,0.0,0.0,0.0,0.0,0.0,1.0,0.0,0.111234635,0.06310963,1.0
245,0.0084297852411855,0.1049283820289475,0.0371093749999999,1,0.0051651488378415,0.0405149015784342,0.0,0.0,0.0,0.0,0.0,1.0,0.0,0.09515287,0.06638892,1.0
246,0.0029437345286679,0.0875887055434634,0.0390625,1,0.0022427619953785,0.0395223413880032,0.0,0.0,0.0,0.0,0.0,1.0,0.0,0.0796901,0.07244117,1.0
247,0.0003345152873486,0.0723118270217881,0.0468749999999999,1,0.0046894114448824,0.0396804483209922,0.0,0.0,0.0,0.0,0.0,1.0,0.0,0.11502237,0.06014079,1.0
248,0.0011373519769853,0.1064106071448531,0.02734375,1,0.0036699741742558,0.0399878784684708,0.0,0.0,0.0,0.0,0.0,1.0,0.0,0.17270012,0.048774865,1.0
249,0.0369973907807586,0.1664601388438801,0.02734375,1,0.0046894114448824,0.0398868657057278,0.0,0.0,0.0,0.0,0.0,1.0,0.0,0.12326964,0.057429425,1.0
250,0.0005352244597578,0.116160927563441,0.033203125,1,0.0049612613837161,0.0396013948544977,0.0,0.0,0.0,0.0,0.0,1.0,0.0,0.15915516,0.04998376,1.0
251,0.0124439686893691,0.1516954425481792,0.0234375,1,0.002786461873046,0.0397946366614842,0.0,0.0,0.0,0.0,0.0,1.0,0.0,0.15822023,0.050885055,1.0
252,0.0062888874021542,0.1526309290051785,0.03125,1,0.0068642109555525,0.0400493644979665,0.0,0.0,0.0,0.0,0.0,1.0,0.0,0.1050958,0.06254345,1.0
253,0.0022747039539706,0.0981504355299942,0.0371093749999999,1,0.0012233247247519,0.0400098377647193,0.0,0.0,0.0,0.0,0.0,1.0,0.0,0.067181975,0.07829405,1.0
254,0.0081621730113066,0.0610647715226556,0.05859375,1,0.0031262742965882,0.0397946366614842,0.0,0.0,0.0,0.0,0.0,1.0,0.0,0.07155822,0.074982494,1.0
255,0.0102361677928681,0.0622023456118924,0.0449218749999999,1,0.0036020116895473,0.0394652472177571,0.0,0.0,0.0,0.0,0.0,1.0,0.0,0.13082197,0.05748935,1.0
256,0.0054191476550478,0.1237376002709993,0.029296875,1,0.008019573195596,0.0396233541507461,0.0,0.0,0.0,0.0,0.0,1.0,0.0,0.062415574,0.07856714,1.0
257,0.0004014183448183,0.0547664138925569,0.0566406249999999,1,0.0007475873317928,0.0396584890247437,0.0,0.0,0.0,0.0,0.0,1.0,0.0,0.060128357,0.07972441,1.0
258,0.000468321402288,0.0504374454103521,0.05078125,1,0.0002038874541253,0.039495990232505,0.0,0.0,0.0,0.0,0.0,1.0,0.0,0.07075682,0.076699875,1.0
259,0.0032113467585468,0.0630723619158984,0.05078125,1,0.005708848715509,0.0396409215877449,0.0,0.0,0.0,0.0,0.0,1.0,0.0,0.06631024,0.07946497,1.0
260,0.004147989563123,0.0600237450710866,0.05859375,1,0.0019709120565447,0.0397946366614842,0.0,0.0,0.0,0.0,0.0,1.0,0.0,0.08520071,0.069626614,1.0
261,0.0066234026895029,0.0758766026333102,0.0371093749999999,1,0.0,0.03985612269098,0.0,0.0,0.0,0.0,0.0,1.0,0.0,0.086652085,0.07391404,1.0
262,0.0018063825516826,0.0841519266739829,0.060546875,1,0.0076797607720538,0.0400581482164659,0.0,0.0,0.0,0.0,0.0,1.0,0.0,0.18689555,0.050447367,1.0
263,0.0062219843446845,0.1850690225748742,0.04296875,1,0.0027184993883376,0.0401152423867119,0.0,0.0,0.0,0.0,0.0,1.0,0.0,0.11558166,0.063405424,1.0
264,0.000468321402288,0.1146626178231541,0.0546874999999999,1,0.0211363327443251,0.0401152423867119,0.0,0.0,0.0,0.0,0.0,1.0,0.0,0.06344277,0.08099376,1.0
265,0.0,0.0590027042009673,0.06640625,1,0.0075438358026369,0.0395486925435013,0.0,0.0,0.0,0.0,0.0,1.0,0.0,0.05362048,0.08671332,1.0
266,0.0055529537699872,0.0488304526546498,0.072265625,1,0.0026505369036291,0.0400230133424684,0.0,0.0,0.0,0.0,0.0,1.0,0.0,0.045492496,0.08867053,1.0
267,0.0023416070114404,0.0375735082923356,0.068359375,1,0.005708848715509,0.0400493644979665,0.0,0.0,0.0,0.0,0.0,1.0,0.0,0.042669117,0.09214179,1.0
268,0.000468321402288,0.036921343014361,0.078125,1,0.0011553622400434,0.040014229623969,0.0,0.0,0.0,0.0,0.0,1.0,0.0,0.042379156,0.09470247,1.0
269,0.0071586271492607,0.0394812715565538,0.087890625,1,0.0008835123012097,0.0398473389724806,0.0,0.0,0.0,0.0,0.0,1.0,0.0,0.051706973,0.08843103,1.0
270,0.0040141834481835,0.0469712560959776,0.0742187499999999,1,0.0003398124235422,0.0414459757393695,0.0,0.0,0.0,0.0,0.0,1.0,0.0,0.08013723,0.0753134,1.0
271,0.0036127651033652,0.0751689001559969,0.0546874999999999,1,0.0011553622400434,0.0396233541507461,0.0,0.0,0.0,0.0,0.0,1.0,0.0,0.099565625,0.06913709,1.0
272,0.0024085100689101,0.0966018332570837,0.052734375,1,0.001087399755335,0.0396057867137474,0.0,0.0,0.0,0.0,0.0,1.0,0.0,0.062039528,0.07953121,1.0
273,0.0099016525055195,0.0544284919118536,0.0566406249999999,1,0.0036020116895473,0.0395486925435013,0.0,0.0,0.0,0.0,0.0,1.0,0.0,0.05049816,0.08815001,1.0
274,0.0101023616779286,0.0453169038738651,0.0742187499999999,1,0.0013592496941688,0.0399088250019763,0.0,0.0,0.0,0.0,0.0,1.0,0.0,0.05782451,0.08396495,1.0
275,0.0004014183448183,0.0514753939270114,0.0644531249999999,1,0.0031262742965882,0.0396057867137474,0.0,0.0,0.0,0.0,0.0,1.0,0.0,0.04856631,0.088927,1.0
276,0.0005352244597578,0.0431653055983208,0.0742187499999999,1,0.0013592496941688,0.0399351761574745,0.0,0.0,0.0,0.0,0.0,1.0,0.0,0.048258726,0.090242945,1.0
277,0.0004014183448183,0.0439466811561117,0.078125,1,0.0140002718499388,0.0397902448022345,0.0,0.0,0.0,0.0,0.0,1.0,0.0,0.06990951,0.078689605,1.0
278,0.0147186726433398,0.0638726165942266,0.0566406249999999,1,0.0055049612613837,0.039654097165494,0.0,0.0,0.0,0.0,0.0,1.0,0.0,0.054933365,0.08379158,1.0
279,0.0042817956780624,0.0472544219085744,0.0625,1,0.0001359249694168,0.039654097165494,0.0,0.0,0.0,0.0,0.0,1.0,0.0,0.053737503,0.085978076,1.0
280,0.0084966882986552,0.0477164249774266,0.068359375,1,0.0036699741742558,0.0399263924389751,0.0,0.0,0.0,0.0,0.0,1.0,0.0,0.082761444,0.07497437,1.0
281,0.0030775406436074,0.0786435233479513,0.0566406249999999,1,0.0014951746635857,0.0400054459054696,0.0,0.0,0.0,0.0,0.0,1.0,0.0,0.0705493,0.08020393,1.0
282,0.0010704489195156,0.0679019630197542,0.068359375,1,0.0046214489601739,0.0398956494242272,0.0,0.0,0.0,0.0,0.0,1.0,0.0,0.06960708,0.079038665,1.0
283,0.0025423161838496,0.0646124253339128,0.060546875,1,0.0118934348239771,0.0401020668089629,0.0,0.0,0.0,0.0,0.0,1.0,0.0,0.045743283,0.09136414,1.0
284,0.0113735197698534,0.0419000496989908,0.08203125,1,0.0,0.0394432879215086,0.0,0.0,0.0,0.0,0.0,1.0,0.0,0.051636033,0.08879503,1.0
285,0.006355790459624,0.0473415593796221,0.076171875,1,0.0055049612613837,0.0395882192767486,0.0,0.0,0.0,0.0,0.0,1.0,0.0,0.050509535,0.08759258,1.0
286,0.0023416070114404,0.0443428214568083,0.0703125,1,0.0078836482261791,0.039438896062259,0.0,0.0,0.0,0.0,0.0,1.0,0.0,0.08975457,0.075431004,1.0
287,0.0078945607814277,0.0895836671655727,0.06640625,1,0.0025146119342123,0.039597002995248,0.0,0.0,0.0,0.0,0.0,1.0,0.0,0.058138818,0.083709836,1.0
288,0.008295979126246,0.0530591237094537,0.068359375,1,0.0031262742965882,0.0395267332472528,0.0,0.0,0.0,0.0,0.0,1.0,0.0,0.09889233,0.07248012,1.0
289,0.0032113467585468,0.0991731917294595,0.0644531249999999,1,0.0002718499388337,0.0399044331427266,0.0,0.0,0.0,0.0,0.0,1.0,0.0,0.060499106,0.081858344,1.0
290,0.0010704489195156,0.0548736923114821,0.0644531249999999,1,0.0001359249694168,0.0402909167566997,0.0,0.0,0.0,0.0,0.0,1.0,0.0,0.10837624,0.06505887,1.0
291,0.0020739947815615,0.1030923854571455,0.041015625,1,0.0016310996330025,0.0399307842982248,0.0,0.0,0.0,0.0,0.0,1.0,0.0,0.052307498,0.084025264,1.0
292,0.0050846323676992,0.0448858754119176,0.0644531249999999,1,0.0010194372706266,0.0401240261052113,0.0,0.0,0.0,0.0,0.0,1.0,0.0,0.046723235,0.09152621,1.0
293,0.0036796681608349,0.0430459946794178,0.08203125,1,0.0008155498165012,0.0401152423867119,0.0,0.0,0.0,0.0,0.0,1.0,0.0,0.053509727,0.08588955,1.0
294,0.011975647287081,0.0469599710344909,0.06640625,1,0.0017670246024194,0.0399966621869702,0.0,0.0,0.0,0.0,0.0,1.0,0.0,0.057077184,0.08589801,1.0
295,0.0016725764367431,0.0527675975033983,0.072265625,1,0.0003398124235422,0.0400405807794671,0.0,0.0,0.0,0.0,0.0,1.0,0.0,0.121317044,0.06316367,1.0
296,0.0055529537699872,0.1183010035287642,0.0449218749999999,1,0.0017670246024194,0.0399878784684708,0.0,0.0,0.0,0.0,0.0,1.0,0.0,0.053899907,0.08322658,1.0
297,0.0118418411721415,0.0467972351989873,0.0644531249999999,1,0.0,0.0396980157579909,0.0,0.0,0.0,0.0,0.0,1.0,0.0,0.051213313,0.08725318,1.0
298,0.0016725764367431,0.0450417646268616,0.0703125,1,0.009718635313307,0.0400757156534647,0.0,0.0,0.0,0.0,0.0,1.0,0.0,0.05113753,0.086928375,1.0
299,0.0005352244597578,0.0446172195639598,0.068359375,1,0.004009786597798,0.0398780819872284,0.0,0.0,0.0,0.0,0.0,1.0,0.0,0.04475166,0.08989847,1.0
300,0.0064895965745634,0.0378688829668012,0.072265625,1,0.0002718499388337,0.0396233541507461,0.0,0.0,0.0,0.0,0.0,1.0,0.0,0.04645696,0.089529775,1.0
301,0.0038803773332441,0.0398694419794079,0.072265625,1,0.0068642109555525,0.0401372016829604,0.0,0.0,0.0,0.0,0.0,1.0,0.0,0.060103983,0.081573956,1.0
302,0.0018732856091523,0.0520776382920616,0.0566406249999999,1,0.0111458474921843,0.039452071640008,0.0,0.0,0.0,0.0,0.0,1.0,0.0,0.0866475,0.07201286,1.0
303,0.0142503512410517,0.0809403682381278,0.048828125,1,0.0054369987766752,0.0400274052017181,0.0,0.0,0.0,0.0,0.0,1.0,0.0,0.066669285,0.07758956,1.0
304,0.0022078008965009,0.0585365041390151,0.052734375,1,0.0050292238684246,0.0396409215877449,0.0,0.0,0.0,0.0,0.0,1.0,0.0,0.042738456,0.0919444,1.0
305,0.0048170201378202,0.0375500563599065,0.0800781249999999,1,0.0017670246024194,0.0395047739510044,0.0,0.0,0.0,0.0,0.0,1.0,0.0,0.039960045,0.09411389,1.0
306,0.0008028366896367,0.0346556994820921,0.08203125,1,0.0081554981650129,0.0400801075127144,0.0,0.0,0.0,0.0,0.0,1.0,0.0,0.043454114,0.09302824,1.0
307,0.0036796681608349,0.0391276302725295,0.08203125,1,0.0020388745412532,0.0399878784684708,0.0,0.0,0.0,0.0,0.0,1.0,0.0,0.064359106,0.082682,1.0
308,0.0051515354251689,0.0600573105181541,0.06640625,1,0.0071360608943862,0.0395355169657522,0.0,0.0,0.0,0.0,0.0,1.0,0.0,0.056332946,0.08083749,1.0
309,0.0033451528734863,0.0457920815958948,0.05078125,1,0.0135245344569797,0.0400186214832187,0.0,0.0,0.0,0.0,0.0,1.0,0.0,0.07503253,0.07649889,1.0
310,0.0013380611493945,0.0691541324468522,0.0546874999999999,1,0.0031262742965882,0.0400801075127144,0.0,0.0,0.0,0.0,0.0,1.0,0.0,0.038126327,0.09563971,1.0
311,0.0083628821837157,0.0346388191296543,0.0898437499999999,1,0.0044175615060486,0.0403392272084464,0.0,0.0,0.0,0.0,0.0,1.0,0.0,0.050978195,0.08557625,1.0
312,0.0006690305746972,0.0420767349202652,0.060546875,1,0.0006796248470844,0.040014229623969,0.0,0.0,0.0,0.0,0.0,1.0,0.0,0.045468904,0.09103227,1.0
313,0.001204255034455,0.0404239237651538,0.078125,1,0.002786461873046,0.039869298268729,0.0,0.0,0.0,0.0,0.0,1.0,0.0,0.09242139,0.07186867,1.0
314,0.0070917240917909,0.0887225928293568,0.052734375,1,0.0046214489601739,0.0412878688063804,0.0,0.0,0.0,0.0,0.0,1.0,0.0,0.084726244,0.07122634,1.0
315,0.0005352244597578,0.0780750648823325,0.0468749999999999,1,0.0049612613837161,0.0393159240032675,0.0,0.0,0.0,0.0,0.0,1.0,0.0,0.0743477,0.07638018,1.0
316,0.0070917240917909,0.0689863912929143,0.0566406249999999,1,0.000475737392959,0.0400405807794671,0.0,0.0,0.0,0.0,0.0,1.0,0.0,0.21282138,0.0443315,1.0
317,0.0123101625744296,0.2059224472980437,0.02734375,1,0.0021068370259616,0.0399659191722223,0.0,0.0,0.0,0.0,0.0,1.0,0.0,0.060423877,0.07501651,1.0
318,0.0016056733792734,0.0495549745975575,0.0468749999999999,1,0.0019029495718363,0.0397331506319885,0.0,0.0,0.0,0.0,0.0,1.0,0.0,0.053236425,0.08638055,1.0
319,0.0002676122298789,0.0476650364816224,0.0703125,1,0.0017670246024194,0.0395179495287535,0.0,0.0,0.0,0.0,0.0,1.0,0.0,0.08320974,0.07313548,1.0
320,0.0066234026895029,0.0770849692254693,0.048828125,1,0.0006116623623759,0.039970311031472,0.0,0.0,0.0,0.0,0.0,1.0,0.0,0.2950636,0.035645716,1.0
321,0.0046163109654111,0.280893605882692,0.01953125,1,0.0017670246024194,0.0398297715354818,0.0,0.0,0.0,0.0,0.0,1.0,0.0,0.38305846,0.028880566,1.0
322,0.0005352244597578,0.3600991903786156,0.015625,1,0.0013592496941688,0.039913216861226,0.0,0.0,0.0,0.0,0.0,1.0,0.0,0.13417879,0.05110371,1.0
323,0.0092326219308222,0.1285333167967466,0.033203125,1,0.0029223868424629,0.0395882192767486,0.0,0.0,0.0,0.0,0.0,1.0,0.0,0.05683582,0.080605015,1.0
324,0.0014718672643339,0.0485608163185591,0.05859375,1,0.0038058991436726,0.0398385552539812,0.0,0.0,0.0,0.0,0.0,1.0,0.0,0.08265564,0.072275266,1.0
325,0.0017394794942128,0.0752510680008978,0.0449218749999999,1,0.0007475873317928,0.0397990285207339,0.0,0.0,0.0,0.0,0.0,1.0,0.0,0.06659178,0.07681896,1.0
326,0.015387703218037,0.057556805435544,0.048828125,1,0.0024466494495038,0.0395135576695038,0.0,0.0,0.0,0.0,0.0,1.0,0.0,0.08011559,0.07351169,1.0
327,0.0194018866662206,0.0731225332417127,0.048828125,1,0.0034660867201304,0.0395399088250019,0.0,0.0,0.0,0.0,0.0,1.0,0.0,0.20726117,0.04448131,1.0
328,0.0008028366896367,0.1997341982753138,0.025390625,1,0.004009786597798,0.0398209878169824,0.0,0.0,0.0,0.0,0.0,1.0,0.0,0.049644154,0.08065792,1.0
329,0.0092326219308222,0.0395371614796748,0.0566406249999999,1,0.0011553622400434,0.0394037611882614,0.0,0.0,0.0,0.0,0.0,1.0,0.0,0.07231854,0.076555215,1.0
330,0.0050177293102294,0.0647411947090013,0.05078125,1,0.0009514747859181,0.0397287587727388,0.0,0.0,0.0,0.0,0.0,1.0,0.0,0.06506173,0.08023697,1.0
331,0.011975647287081,0.0590671707708181,0.060546875,1,0.0010194372706266,0.0399834866092211,0.0,0.0,0.0,0.0,0.0,1.0,0.0,0.0875126,0.07253298,1.0
332,0.0045494079079413,0.0828606573957097,0.052734375,1,0.0040777490825064,0.0401415935422101,0.0,0.0,0.0,0.0,0.0,1.0,0.0,0.067151755,0.07924832,1.0
333,0.0008028366896367,0.0615883878779056,0.060546875,1,0.0029903493271714,0.039553084402751,0.0,0.0,0.0,0.0,0.0,1.0,0.0,0.17944656,0.048538566,1.0
334,0.0059543721148056,0.1728413109791473,0.025390625,1,0.0214761451678673,0.039553084402751,0.0,0.0,0.0,0.0,0.0,1.0,0.0,0.22200432,0.041088745,1.0
335,0.000468321402288,0.2145226656344849,0.02734375,1,0.003398124235422,0.0397726773652358,0.0,0.0,0.0,0.0,0.0,1.0,0.0,0.057503145,0.07886195,1.0
336,0.0032782498160165,0.0502592611130031,0.060546875,1,0.0047573739295908,0.0405017260006851,0.0,0.0,0.0,0.0,0.0,1.0,0.0,0.07042579,0.07778026,1.0
337,0.0054191476550478,0.063791015626833,0.0546874999999999,1,0.0110099225227674,0.0401152423867119,0.0,0.0,0.0,0.0,0.0,1.0,0.0,0.0802661,0.07340175,1.0
338,0.0020070917240917,0.0735308572097223,0.048828125,1,0.004009786597798,0.0401635528384586,0.0,0.0,0.0,0.0,0.0,1.0,0.0,0.08654664,0.06846438,1.0
339,0.0005352244597578,0.0768720983233163,0.03515625,1,0.0112138099768927,0.0395882192767486,0.0,0.0,0.0,0.0,0.0,1.0,0.0,0.05708783,0.0817217,1.0
340,0.0002676122298789,0.0489716933348976,0.05859375,1,0.0025146119342123,0.0396453134469946,0.0,0.0,0.0,0.0,0.0,1.0,0.0,0.098310545,0.07004784,1.0
341,0.0004014183448183,0.0952835554149102,0.052734375,1,0.008019573195596,0.0395794355582492,0.0,0.0,0.0,0.0,0.0,1.0,0.0,0.06463298,0.07835643,1.0
342,0.0039472803907138,0.0570025860930884,0.0546874999999999,1,0.0044175615060486,0.0396321378692455,0.0,0.0,0.0,0.0,0.0,1.0,0.0,0.050588522,0.08574669,1.0
343,0.0102361677928681,0.0427141277903104,0.0644531249999999,1,0.000475737392959,0.0401591609792089,0.0,0.0,0.0,0.0,0.0,1.0,0.0,0.054127663,0.08551526,1.0
344,0.0007359336321669,0.0475024938043805,0.06640625,1,0.0095147478591817,0.0401591609792089,0.0,0.0,0.0,0.0,0.0,1.0,0.0,0.050605685,0.087922275,1.0
345,0.0076269485515488,0.0451053598849883,0.072265625,1,0.0001359249694168,0.0401240261052113,0.0,0.0,0.0,0.0,0.0,1.0,0.0,0.083145216,0.07409293,1.0
346,0.0006021275172275,0.0779911817080856,0.052734375,1,0.0133886094875628,0.040071323794215,0.0,0.0,0.0,0.0,0.0,1.0,0.0,0.05420902,0.08321354,1.0
347,0.0097009433331103,0.0461093377421398,0.060546875,1,0.0005436998776675,0.0400625400757156,0.0,0.0,0.0,0.0,0.0,1.0,0.0,0.07927702,0.07061773,1.0
348,0.0015387703218037,0.0678027447591633,0.033203125,1,0.0010194372706266,0.0400054459054696,0.0,0.0,0.0,0.0,0.0,1.0,0.0,0.0913413,0.0711205,1.0
349,0.0050177293102294,0.0873219413867427,0.052734375,1,0.0070001359249694,0.0400098377647193,0.0,0.0,0.0,0.0,0.0,1.0,0.0,0.056434643,0.08277353,1.0
350,0.0002007091724091,0.0493021787225244,0.0625,1,0.0072040233790947,0.0399659191722223,0.0,0.0,0.0,0.0,0.0,1.0,0.0,0.06005292,0.07948019,1.0
351,0.0055529537699872,0.0498007516892325,0.048828125,1,0.0054369987766752,0.0400054459054696,0.0,0.0,0.0,0.0,0.0,1.0,0.0,0.04299867,0.092477925,1.0
352,0.0006690305746972,0.0383386795516048,0.08203125,1,0.0006796248470844,0.0399000412834769,0.0,0.0,0.0,0.0,0.0,1.0,0.0,0.059340887,0.08420423,1.0
353,0.008295979126246,0.0540971163165858,0.06640625,1,0.0055049612613837,0.0400274052017181,0.0,0.0,0.0,0.0,0.0,1.0,0.0,0.0952639,0.07074641,1.0
354,0.0111728105974443,0.0917343773330224,0.052734375,1,0.00740791083322,0.0395926111359983,0.0,0.0,0.0,0.0,0.0,1.0,0.0,0.13496137,0.059787586,1.0
355,0.0028099284137285,0.1330877933504231,0.0468749999999999,1,0.008019573195596,0.0395223413880032,0.0,0.0,0.0,0.0,0.0,1.0,0.0,0.17770447,0.049173716,1.0
356,0.0008697397471064,0.173660425882096,0.03515625,1,0.0025146119342123,0.0398517308317303,0.0,0.0,0.0,0.0,0.0,1.0,0.0,0.049294304,0.08701235,1.0
357,0.0080283668963671,0.0458599179375943,0.0800781249999999,1,0.0115536224004349,0.0396716646024928,0.0,0.0,0.0,0.0,0.0,1.0,0.0,0.0601549,0.08240383,1.0
358,0.0058874690573359,0.0532240052812996,0.060546875,1,0.0089710479815142,0.0397243669134891,0.0,0.0,0.0,0.0,0.0,1.0,0.0,0.08177869,0.072417036,1.0
359,0.0009366428045761,0.0741585606734864,0.0449218749999999,1,0.0105341851298083,0.0401152423867119,0.0,0.0,0.0,0.0,0.0,1.0,0.0,0.048456702,0.08824273,1.0
360,0.000468321402288,0.0429752903574411,0.0742187499999999,1,0.0006116623623759,0.0396013948544977,0.0,0.0,0.0,0.0,0.0,1.0,0.0,0.20931208,0.04538163,1.0
361,0.0002007091724091,0.202774857839561,0.02734375,1,0.0019029495718363,0.0397419343504879,0.0,0.0,0.0,0.0,0.0,1.0,0.0,0.16715606,0.049615357,1.0
362,0.0096340402756405,0.1635669157210801,0.0371093749999999,1,0.0038738616283811,0.0397507180689873,0.0,0.0,0.0,0.0,0.0,1.0,0.0,0.065603875,0.076377586,1.0
363,0.0078276577239579,0.0580006138359603,0.0546874999999999,1,0.0002038874541253,0.0398078122392333,0.0,0.0,0.0,0.0,0.0,1.0,0.0,0.06227065,0.08034201,1.0
364,0.0052184384826386,0.0545495790469459,0.0566406249999999,1,0.0091749354356395,0.0397990285207339,0.0,0.0,0.0,0.0,0.0,1.0,0.0,0.081669554,0.068044916,1.0
365,0.0040810865056533,0.0684077857199159,0.025390625,1,0.0055729237460921,0.0400976749497132,0.0,0.0,0.0,0.0,0.0,1.0,0.0,0.053590093,0.08378496,1.0
366,0.0006021275172275,0.0457221814001598,0.0625,1,0.0153595215441076,0.0400976749497132,0.0,0.0,0.0,0.0,0.0,1.0,0.0,0.07149125,0.07938459,1.0
367,0.0044825048504716,0.0673650460385473,0.0625,1,0.002786461873046,0.0402513900234525,0.0,0.0,0.0,0.0,0.0,1.0,0.0,0.07132682,0.08028925,1.0
368,0.0192680805512812,0.068801694202871,0.068359375,1,0.0138643468805219,0.0399044331427266,0.0,0.0,0.0,0.0,0.0,1.0,0.0,0.18644239,0.04742909,1.0
369,0.0060212751722753,0.1794486882352654,0.025390625,1,0.0022427619953785,0.0395926111359983,0.0,0.0,0.0,0.0,0.0,1.0,0.0,0.06391464,0.07728868,1.0
370,0.0072255302067304,0.0571807640917985,0.05859375,1,0.0025146119342123,0.0395838274174989,0.0,0.0,0.0,0.0,0.0,1.0,0.0,0.12796216,0.06156084,1.0
371,0.0161905399076737,0.1252443963775242,0.0449218749999999,1,0.0024466494495038,0.0401547691199592,0.0,0.0,0.0,0.0,0.0,1.0,0.0,0.076209724,0.0730221,1.0
372,0.0026092192413193,0.0686145133495275,0.048828125,1,0.0023107244800869,0.0395003820917547,0.0,0.0,0.0,0.0,0.0,1.0,0.0,0.150705,0.057287917,1.0
373,0.0015387703218037,0.1496555191415606,0.0468749999999999,1,0.0026505369036291,0.0399439598759739,0.0,0.0,0.0,0.0,0.0,1.0,0.0,0.12616971,0.05781883,1.0
374,0.0021408978390312,0.1206100152898831,0.03515625,1,0.0012912872094603,0.0396321378692455,0.0,0.0,0.0,0.0,0.0,1.0,0.0,0.06882154,0.076412074,1.0
375,0.0001338061149394,0.0618999101631422,0.0546874999999999,1,0.000475737392959,0.0401415935422101,0.0,0.0,0.0,0.0,0.0,1.0,0.0,0.08775434,0.071063615,1.0
376,0.0030106375861376,0.081674100890755,0.0468749999999999,1,0.0046214489601739,0.0398385552539812,0.0,0.0,0.0,0.0,0.0,1.0,0.0,0.04895748,0.08793129,1.0
377,0.0145179634709306,0.0435706146178103,0.0742187499999999,1,0.0012233247247519,0.0401328098237107,0.0,0.0,0.0,0.0,0.0,1.0,0.0,0.053623542,0.08666637,1.0
378,0.0006021275172275,0.0479740771031051,0.0703125,1,0.0018349870871279,0.0400976749497132,0.0,0.0,0.0,0.0,0.0,1.0,0.0,0.048077356,0.09015226,1.0
379,0.0051515354251689,0.0437116957325375,0.078125,1,0.0025146119342123,0.0400317970609677,0.0,0.0,0.0,0.0,0.0,1.0,0.0,0.049150795,0.088591054,1.0
380,0.0020070917240917,0.043265403568821,0.072265625,1,0.0019709120565447,0.0401679446977083,0.0,0.0,0.0,0.0,0.0,1.0,0.0,0.1195074,0.06250636,1.0
381,0.0036127651033652,0.1146781880586862,0.0390625,1,0.0002038874541253,0.0396321378692455,0.0,0.0,0.0,0.0,0.0,1.0,0.0,0.1799584,0.04800054,1.0
382,0.0076269485515488,0.1742459473606827,0.029296875,1,0.0024466494495038,0.0396321378692455,0.0,0.0,0.0,0.0,0.0,1.0,0.0,0.13377449,0.054424006,1.0
383,0.0042817956780624,0.126839045900393,0.029296875,1,0.0109419600380589,0.0394257204845099,0.0,0.0,0.0,0.0,0.0,1.0,0.0,0.052322872,0.08335684,1.0
384,0.0046832140228808,0.0448570969304668,0.0644531249999999,1,0.0046894114448824,0.0395399088250019,0.0,0.0,0.0,0.0,0.0,1.0,0.0,0.04834206,0.087757744,1.0
385,0.0003345152873486,0.0410848630472127,0.068359375,1,0.01264102215577,0.0396584890247437,0.0,0.0,0.0,0.0,0.0,1.0,0.0,0.05007615,0.08549774,1.0
386,0.001204255034455,0.0410560740680303,0.060546875,1,0.0032621992660051,0.0396453134469946,0.0,0.0,0.0,0.0,0.0,1.0,0.0,0.050332744,0.0857926,1.0
387,0.0023416070114404,0.0418884769996579,0.0625,1,0.0070001359249694,0.0394257204845099,0.0,0.0,0.0,0.0,0.0,1.0,0.0,0.068438224,0.078550376,1.0
388,0.0,0.061462457089446,0.0546874999999999,1,0.0008835123012097,0.0402030795717058,0.0,0.0,0.0,0.0,0.0,1.0,0.0,0.06873734,0.08019026,1.0
389,0.0011373519769853,0.0646764027094704,0.0644531249999999,1,0.008631235557972,0.0399263924389751,0.0,0.0,0.0,0.0,0.0,1.0,0.0,0.13572593,0.058684748,1.0
390,0.0036127651033652,0.1319461461413195,0.0390625,1,0.0008155498165012,0.0396453134469946,0.0,0.0,0.0,0.0,0.0,1.0,0.0,0.12523061,0.05790442,1.0
391,0.0102361677928681,0.1189848719562176,0.033203125,1,0.0043495990213402,0.0401635528384586,0.0,0.0,0.0,0.0,0.0,1.0,0.0,0.04539091,0.08668867,1.0
392,0.0046163109654111,0.0373273742777857,0.068359375,1,0.017738208508903,0.0398341633947315,0.0,0.0,0.0,0.0,0.0,1.0,0.0,0.044917643,0.09233263,1.0
393,0.0036127651033652,0.0408169168459121,0.08203125,1,0.0,0.0396628808839934,0.0,0.0,0.0,0.0,0.0,1.0,0.0,0.10345383,0.06834808,1.0
394,0.0002676122298789,0.0999151693004974,0.048828125,1,0.0028544243577545,0.0396145704322467,0.0,0.0,0.0,0.0,0.0,1.0,0.0,0.05918819,0.08207644,1.0
395,0.0032113467585468,0.0532987743249579,0.0644531249999999,1,0.006796248470844,0.0394301123437596,0.0,0.0,0.0,0.0,0.0,1.0,0.0,0.107610926,0.06316528,1.0
396,0.0015387703218037,0.0994156662347682,0.03125,1,0.0028544243577545,0.0396365297284952,0.0,0.0,0.0,0.0,0.0,1.0,0.0,0.08991943,0.070768416,1.0
397,0.0073593363216699,0.0857181042491641,0.052734375,1,0.0061845861084681,0.0394915983732553,0.0,0.0,0.0,0.0,0.0,1.0,0.0,0.13665837,0.058771636,1.0
398,0.0042817956780624,0.1338480453726573,0.04296875,1,0.0005436998776675,0.0400757156534647,0.0,0.0,0.0,0.0,0.0,1.0,0.0,0.0868148,0.07004111,1.0
399,0.0016056733792734,0.0810755958177062,0.048828125,1,0.0098545602827239,0.0394301123437596,0.0,0.0,0.0,0.0,0.0,1.0,0.0,0.085168146,0.07474366,1.0
400,0.0099016525055195,0.0831713881519825,0.0625,1,0.0012233247247519,0.038617618382566,0.0,0.0,0.0,0.0,0.0,1.0,0.0,0.04644942,0.088865854,1.0
401,0.0057536629423964,0.0403932745879292,0.0742187499999999,1,0.0033301617507136,0.0404358481119397,0.0,0.0,0.0,0.0,0.0,1.0,0.0,0.049010728,0.08636616,1.0
402,0.006088178229745,0.040219092025872,0.0625,1,0.0067282859861356,0.0403611865046949,0.0,0.0,0.0,0.0,0.0,1.0,0.0,0.055702697,0.08324623,1.0
403,0.0021408978390312,0.0472292756422626,0.05859375,1,0.0016310996330025,0.0401503772607095,0.0,0.0,0.0,0.0,0.0,1.0,0.0,0.049592048,0.08540695,1.0
404,0.0060212751722753,0.0403912338289031,0.060546875,1,0.0113497349463096,0.0397858529429848,0.0,0.0,0.0,0.0,0.0,1.0,0.0,0.08630782,0.07369484,1.0
405,0.000468321402288,0.0821650420065785,0.0546874999999999,1,0.0027184993883376,0.0395047739510044,0.0,0.0,0.0,0.0,0.0,1.0,0.0,0.12885356,0.061650373,1.0
406,0.0016725764367431,0.1274103891426597,0.048828125,1,0.0009514747859181,0.0399966621869702,0.0,0.0,0.0,0.0,0.0,1.0,0.0,0.08760275,0.06960717,1.0
407,0.0187997591489931,0.0814835166728217,0.0468749999999999,1,0.0029903493271714,0.040014229623969,0.0,0.0,0.0,0.0,0.0,1.0,0.0,0.072658405,0.07498067,1.0
408,0.0027430253562587,0.0643747482919524,0.048828125,1,0.0039418241130895,0.0395047739510044,0.0,0.0,0.0,0.0,0.0,1.0,0.0,0.13658679,0.05758121,1.0
409,0.0001338061149394,0.1316532699269784,0.03515625,1,0.0133206470028544,0.0395047739510044,0.0,0.0,0.0,0.0,0.0,1.0,0.0,0.11895011,0.059175324,1.0
410,0.0002676122298789,0.112295694275805,0.033203125,1,0.0050292238684246,0.0402118632902052,0.0,0.0,0.0,0.0,0.0,1.0,0.0,0.12824342,0.057668287,1.0
411,0.0072255302067304,0.122247865077896,0.033203125,1,0.0110099225227674,0.0400625400757156,0.0,0.0,0.0,0.0,0.0,1.0,0.0,0.08050747,0.07227316,1.0
412,0.0037465712183046,0.0742984702413653,0.05078125,1,0.006320511077885,0.0399922703277205,0.0,0.0,0.0,0.0,0.0,1.0,0.0,0.16903223,0.05172002,1.0
413,0.0043486987355322,0.165016184258352,0.03515625,1,0.0064564360473018,0.0398341633947315,0.0,0.0,0.0,0.0,0.0,1.0,0.0,0.107597016,0.06216966,1.0
414,0.0044825048504716,0.1015192205918011,0.0390625,1,0.0014951746635857,0.0400801075127144,0.0,0.0,0.0,0.0,0.0,1.0,0.0,0.11966164,0.06218675,1.0
415,0.0027430253562587,0.1163160903353572,0.0449218749999999,1,0.0036020116895473,0.0395926111359983,0.0,0.0,0.0,0.0,0.0,1.0,0.0,0.052912466,0.08587749,1.0
416,0.0032782498160165,0.0484779640215569,0.0742187499999999,1,0.0006796248470844,0.0399176087204757,0.0,0.0,0.0,0.0,0.0,1.0,0.0,0.052024193,0.08799022,1.0
417,0.0021408978390312,0.0473949613403502,0.0742187499999999,1,0.0029223868424629,0.0396057867137474,0.0,0.0,0.0,0.0,0.0,1.0,0.0,0.044940807,0.092629954,1.0
418,0.0069579179768515,0.0415086207802433,0.0839843749999999,1,0.0106701100992252,0.0395135576695038,0.0,0.0,0.0,0.0,0.0,1.0,0.0,0.063122824,0.07941228,1.0
419,0.0028768314711982,0.0539898315990216,0.05078125,1,0.0060486611390512,0.0396145704322467,0.0,0.0,0.0,0.0,0.0,1.0,0.0,0.09189825,0.07015143,1.0
420,0.0088981066434736,0.0863056139981187,0.0468749999999999,1,0.0025825744189207,0.0396145704322467,0.0,0.0,0.0,0.0,0.0,1.0,0.0,0.051382784,0.08383162,1.0
421,0.001204255034455,0.0424701395121027,0.060546875,1,0.0079516107108875,0.0401503772607095,0.0,0.0,0.0,0.0,0.0,1.0,0.0,0.047933586,0.08698243,1.0
422,0.0074931424366093,0.0394975850314843,0.0644531249999999,1,0.0037379366589642,0.0401108505274622,0.0,0.0,0.0,0.0,0.0,1.0,0.0,0.045772497,0.08824263,1.0
423,0.013179902321536,0.0372633654090333,0.06640625,1,0.0008835123012097,0.0405324690154329,0.0,0.0,0.0,0.0,0.0,1.0,0.0,0.05082778,0.08668955,1.0
424,0.0018063825516826,0.0433990291945548,0.06640625,1,0.0044175615060486,0.0397024076172406,0.0,0.0,0.0,0.0,0.0,1.0,0.0,0.05064767,0.086160384,1.0
425,0.0057536629423964,0.0428587214460361,0.0644531249999999,1,0.0164469212994427,0.0401064586682126,0.0,0.0,0.0,0.0,0.0,1.0,0.0,0.047309432,0.090449624,1.0
426,0.0099685555629892,0.0426197153912532,0.078125,1,0.0004077749082506,0.040071323794215,0.0,0.0,0.0,0.0,0.0,1.0,0.0,0.03841971,0.09827946,1.0
427,0.0018063825516826,0.0371529124760675,0.09765625,1,0.0084273481038466,0.0401942958532064,0.0,0.0,0.0,0.0,0.0,1.0,0.0,0.03846284,0.098605424,1.0
428,0.0036127651033652,0.0374596205015852,0.09765625,1,0.006796248470844,0.0402030795717058,0.0,0.0,0.0,0.0,0.0,1.0,0.0,0.04545398,0.09339654,1.0
429,0.0008028366896367,0.0427733370961682,0.0859375,1,0.0007475873317928,0.0396365297284952,0.0,0.0,0.0,0.0,0.0,1.0,0.0,0.052209403,0.086805105,1.0
430,0.0170602796547802,0.0460131512264395,0.068359375,1,0.0041457115672148,0.0396145704322467,0.0,0.0,0.0,0.0,0.0,1.0,0.0,0.049768966,0.08822677,1.0
431,0.0047501170803505,0.0437387210928084,0.072265625,1,0.0147478591817316,0.0403699702231942,0.0,0.0,0.0,0.0,0.0,1.0,0.0,0.05610714,0.085879974,1.0
432,0.0046163109654111,0.0511959443114065,0.0703125,1,0.0001359249694168,0.0401328098237107,0.0,0.0,0.0,0.0,0.0,1.0,0.0,0.044120684,0.09090466,1.0
433,0.0117080350572021,0.0381524245981898,0.076171875,1,0.0059127361696343,0.0397199750542394,0.0,0.0,0.0,0.0,0.0,1.0,0.0,0.051866185,0.087823555,1.0
434,0.0002676122298789,0.0464509213316306,0.072265625,1,0.0031262742965882,0.0399439598759739,0.0,0.0,0.0,0.0,0.0,1.0,0.0,0.042580023,0.092950456,1.0
435,0.0013380611493945,0.0380230736487698,0.08203125,1,0.0001359249694168,0.0404578074081881,0.0,0.0,0.0,0.0,0.0,1.0,0.0,0.058838278,0.085273,1.0
436,0.0145179634709306,0.054610031284227,0.0703125,1,0.0049612613837161,0.0397067994764903,0.0,0.0,0.0,0.0,0.0,1.0,0.0,0.046943914,0.086655766,1.0
437,0.0024085100689101,0.0374847604692581,0.0625,1,0.004009786597798,0.0395794355582492,0.0,0.0,0.0,0.0,0.0,1.0,0.0,0.047202233,0.09058824,1.0
438,0.001204255034455,0.0425398549477613,0.078125,1,0.0070680984096778,0.0397770692244855,0.0,0.0,0.0,0.0,0.0,1.0,0.0,0.06957422,0.081947975,1.0
439,0.0040810865056533,0.0674176606694042,0.0703125,1,0.0034660867201304,0.0395882192767486,0.0,0.0,0.0,0.0,0.0,1.0,0.0,0.051782418,0.085759826,1.0
440,0.0084966882986552,0.0448245392656345,0.06640625,1,0.0055049612613837,0.0400054459054696,0.0,0.0,0.0,0.0,0.0,1.0,0.0,0.06805474,0.08086461,1.0
441,0.0122432595169599,0.0637249680986008,0.0644531249999999,1,0.0014951746635857,0.0403260516306973,0.0,0.0,0.0,0.0,0.0,1.0,0.0,0.049564153,0.0850957,1.0
442,0.0044156017930019,0.0401952327814563,0.060546875,1,0.0002718499388337,0.0400493644979665,0.0,0.0,0.0,0.0,0.0,1.0,0.0,0.04851507,0.08500822,1.0
443,0.0050846323676992,0.037875015741611,0.0566406249999999,1,0.0081554981650129,0.0400757156534647,0.0,0.0,0.0,0.0,0.0,1.0,0.0,0.07980154,0.07324082,1.0
444,0.0026092192413193,0.0718659043782244,0.0449218749999999,1,0.0003398124235422,0.0400361889202174,0.0,0.0,0.0,0.0,0.0,1.0,0.0,0.058096785,0.083447255,1.0
445,0.0008028366896367,0.0524426171262307,0.06640625,1,0.0003398124235422,0.0401942958532064,0.0,0.0,0.0,0.0,0.0,1.0,0.0,0.054379344,0.08296837,1.0
446,0.0053522445975781,0.0451950420061796,0.0566406249999999,1,0.0059806986543428,0.040172336556958,0.0,0.0,0.0,0.0,0.0,1.0,0.0,0.12790838,0.0613986,1.0
447,0.0008028366896367,0.1246689212280936,0.04296875,1,0.0032621992660051,0.0396321378692455,0.0,0.0,0.0,0.0,0.0,1.0,0.0,0.07070063,0.07676571,1.0
448,0.0053522445975781,0.0653018638577614,0.05859375,1,0.0057768112002174,0.0399263924389751,0.0,0.0,0.0,0.0,0.0,1.0,0.0,0.058064137,0.08419866,1.0
449,0.0030106375861376,0.0529583349882132,0.068359375,1,0.0064564360473018,0.0398473389724806,0.0,0.0,0.0,0.0,0.0,1.0,0.0,0.08086324,0.071435764,1.0
450,0.013915835953703,0.0715024666110565,0.0390625,1,0.0091749354356395,0.0405236852969336,0.0,0.0,0.0,0.0,0.0,1.0,0.0,0.04658976,0.08697626,1.0
451,0.001940188666622,0.0380957326483734,0.06640625,1,0.0002038874541253,0.0396453134469946,0.0,0.0,0.0,0.0,0.0,1.0,0.0,0.07829191,0.07549302,1.0
452,0.0011373519769853,0.0724737167401235,0.052734375,1,0.0022427619953785,0.0405719957486802,0.0,0.0,0.0,0.0,0.0,1.0,0.0,0.054135006,0.082904205,1.0
453,0.0049508262527597,0.0454327652381592,0.05859375,1,0.0046214489601739,0.0396936238987412,0.0,0.0,0.0,0.0,0.0,1.0,0.0,0.044700056,0.09305252,1.0
454,0.001204255034455,0.0416449611193729,0.0859375,1,0.004009786597798,0.0396365297284952,0.0,0.0,0.0,0.0,0.0,1.0,0.0,0.04593709,0.08837528,1.0
455,0.0024754131263798,0.0376953806577527,0.06640625,1,0.000475737392959,0.0402162551494549,0.0,0.0,0.0,0.0,0.0,1.0,0.0,0.04843081,0.08745267,1.0
456,0.0031444437010771,0.0406699989924067,0.06640625,1,0.0095827103438901,0.0399000412834769,0.0,0.0,0.0,0.0,0.0,0.0,1.0,0.042292643,0.10045093,1.0
457,0.0040141834481835,0.0351449441644866,0.087890625,1,0.0217479951067011,0.0399000412834769,0.0,0.0,0.0,0.0,0.0,0.0,1.0,0.07362653,0.08446785,1.0
458,0.006355790459624,0.0645545786336187,0.060546875,1,0.0053010738072583,0.0398736901279787,0.0,0.0,0.0,0.0,0.0,0.0,1.0,0.099817656,0.071071915,1.0
459,0.0005352244597578,0.0867379525769719,0.03515625,1,0.0021747995106701,0.0400976749497132,0.0,0.0,0.0,0.0,0.0,0.0,1.0,0.36137283,0.03790061,1.0
460,0.0008697397471064,0.3323747147747949,0.025390625,1,0.0068642109555525,0.0396277460099958,0.0,0.0,0.0,0.0,0.0,0.0,1.0,0.072671,0.077360265,1.0
461,0.0123101625744296,0.0640356547644008,0.05859375,1,0.0001359249694168,0.0397199750542394,0.0,0.0,0.0,0.0,0.0,0.0,1.0,0.05468412,0.090636596,1.0
462,0.0009366428045761,0.0439659339958945,0.06640625,1,0.0032621992660051,0.0394696390770068,0.0,0.0,0.0,0.0,0.0,0.0,1.0,0.055007614,0.09152899,1.0
463,0.0040810865056533,0.0450702092804469,0.068359375,1,0.0028544243577545,0.040014229623969,0.0,0.0,0.0,0.0,0.0,0.0,1.0,0.05578569,0.09356776,1.0
464,0.0040810865056533,0.0486818866572808,0.078125,1,0.0110099225227674,0.0449858142946234,0.0,0.0,0.0,0.0,0.0,0.0,1.0,0.05277687,0.09038617,1.0
465,0.0034789589884257,0.0401854153028494,0.060546875,1,0.0061845861084681,0.0395750436989995,0.0,0.0,0.0,0.0,0.0,0.0,1.0,0.062353984,0.08791229,1.0
466,0.0004014183448183,0.0520282443652643,0.0625,1,0.0038738616283811,0.0401196342459616,0.0,0.0,0.0,0.0,0.0,0.0,1.0,0.0507699,0.09267595,1.0
467,0.0042817956780624,0.0400377983004185,0.068359375,1,0.0007475873317928,0.0399439598759739,0.0,0.0,0.0,0.0,0.0,0.0,1.0,0.04817477,0.09335949,1.0
468,0.0042817956780624,0.0362385411564397,0.06640625,1,0.0012912872094603,0.0402909167566997,0.0,0.0,0.0,0.0,0.0,0.0,1.0,0.0479426,0.09257683,1.0
469,0.0017394794942128,0.0348392628171209,0.0625,1,0.0064564360473018,0.0400493644979665,0.0,0.0,0.0,0.0,0.0,0.0,1.0,0.053840175,0.091145076,1.0
470,0.0125777748043085,0.0425203690583366,0.0644531249999999,1,0.0036699741742558,0.0395794355582492,0.0,0.0,0.0,0.0,0.0,0.0,1.0,0.054881033,0.090176456,1.0
471,0.0029437345286679,0.0430212305305369,0.0625,1,0.006320511077885,0.0400976749497132,0.0,0.0,0.0,0.0,0.0,0.0,1.0,0.0702904,0.08461571,1.0
472,0.0002676122298789,0.0601851225001192,0.05859375,1,0.0044855239907571,0.0401635528384586,0.0,0.0,0.0,0.0,0.0,0.0,1.0,0.05295665,0.092223406,1.0
473,0.0115073258847929,0.0432375257927428,0.0703125,1,0.0005436998776675,0.0397726773652358,0.0,0.0,0.0,0.0,0.0,0.0,1.0,0.052738354,0.09458119,1.0
474,0.0024085100689101,0.0448902298709917,0.078125,1,0.0046214489601739,0.0402557818827022,0.0,0.0,0.0,0.0,0.0,0.0,1.0,0.059725393,0.08784939,1.0
475,0.0076269485515488,0.0479097638001358,0.05859375,1,0.0078836482261791,0.0398956494242272,0.0,0.0,0.0,0.0,0.0,0.0,1.0,0.08084276,0.077976815,1.0
476,0.0014718672643339,0.0677756039238446,0.04296875,1,0.0021747995106701,0.0396233541507461,0.0,0.0,0.0,0.0,0.0,0.0,1.0,0.082180575,0.07927936,1.0
477,0.0046163109654111,0.0721811071681654,0.052734375,1,0.0155634089982329,0.0396233541507461,0.0,0.0,0.0,0.0,0.0,0.0,1.0,0.067192465,0.08615627,1.0
478,0.0002007091724091,0.0582978046179953,0.0644531249999999,1,0.0106701100992252,0.0397595017874867,0.0,0.0,0.0,0.0,0.0,0.0,1.0,0.08478448,0.082027845,1.0
479,0.0008028366896367,0.0789402648270733,0.06640625,1,0.0001359249694168,0.039452071640008,0.0,0.0,0.0,0.0,0.0,0.0,1.0,0.17164947,0.05884531,1.0
480,0.0016725764367431,0.1641396341661885,0.0468749999999999,1,0.009106972950931,0.039394977469762,0.0,0.0,0.0,0.0,0.0,0.0,1.0,0.07917333,0.08070972,1.0
481,0.0030775406436074,0.0723777716722504,0.0644531249999999,1,0.001087399755335,0.0401855121347071,0.0,0.0,0.0,0.0,0.0,0.0,1.0,0.059500504,0.092692465,1.0
482,0.0033451528734863,0.0542911983786933,0.08203125,1,0.0020388745412532,0.0395091658102541,0.0,0.0,0.0,0.0,0.0,0.0,1.0,0.09945031,0.07154015,1.0
483,0.0056867598849267,0.0863887119420408,0.03515625,1,0.022971319831453,0.0395091658102541,0.0,0.0,0.0,0.0,0.0,0.0,1.0,0.07228887,0.08422159,1.0
484,0.0002007091724091,0.0641786086744482,0.0644531249999999,1,0.0037379366589642,0.0400888912312138,0.0,0.0,0.0,0.0,0.0,0.0,1.0,0.05234258,0.090999216,1.0
485,0.0066234026895029,0.0408854586351761,0.0644531249999999,1,0.0025825744189207,0.0396057867137474,0.0,0.0,0.0,0.0,0.0,0.0,1.0,0.106603965,0.07379641,1.0
486,0.0160567337927343,0.0989051636458523,0.052734375,1,0.0059127361696343,0.039970311031472,0.0,0.0,0.0,0.0,0.0,0.0,1.0,0.113134496,0.06926465,1.0
487,0.000468321402288,0.1036707453832241,0.0449218749999999,1,0.0023107244800869,0.0397814610837351,0.0,0.0,0.0,0.0,0.0,0.0,1.0,0.07673325,0.08045715,1.0
488,0.0066234026895029,0.0667072203836856,0.0546874999999999,1,0.0127769471251868,0.0396716646024928,0.0,0.0,0.0,0.0,0.0,0.0,1.0,0.07501048,0.08402078,1.0
489,0.0058205659998661,0.067230553300182,0.0644531249999999,1,0.0078836482261791,0.0401767284162077,0.0,0.0,0.0,0.0,0.0,0.0,1.0,0.13009615,0.06552851,1.0
490,0.0004014183448183,0.1205619545750009,0.041015625,1,0.0027184993883376,0.0395794355582492,0.0,0.0,0.0,0.0,0.0,0.0,1.0,0.046892453,0.09786369,1.0
491,0.0151869940456278,0.0422049626124023,0.091796875,1,0.0032621992660051,0.0399571354537229,0.0,0.0,0.0,0.0,0.0,0.0,1.0,0.10255836,0.07533863,1.0
492,0.0014718672643339,0.094934392463193,0.0546874999999999,1,0.0017670246024194,0.0402206470087046,0.0,0.0,0.0,0.0,0.0,0.0,1.0,0.05633999,0.09127495,1.0
493,0.0072924332642001,0.0484714113374825,0.0742187499999999,1,0.0007475873317928,0.040014229623969,0.0,0.0,0.0,0.0,0.0,0.0,1.0,0.08819328,0.07700618,1.0
494,0.0030775406436074,0.0771344492336659,0.0468749999999999,1,0.0070680984096778,0.0401108505274622,0.0,0.0,0.0,0.0,0.0,0.0,1.0,0.063867375,0.086089976,1.0
495,0.0097009433331103,0.0533786767593762,0.060546875,1,0.001699062117711,0.0397024076172406,0.0,0.0,0.0,0.0,0.0,0.0,1.0,0.101380855,0.07432995,1.0
496,0.0084966882986552,0.09267602595848,0.05078125,1,0.0066603235014272,0.0405412527339323,0.0,0.0,0.0,0.0,0.0,0.0,1.0,0.10222228,0.07323072,1.0
497,0.0032113467585468,0.09370739029787,0.05078125,1,0.0005436998776675,0.0399439598759739,0.0,0.0,0.0,0.0,0.0,0.0,1.0,0.07487242,0.08034224,1.0
498,0.0018063825516826,0.0634126038952887,0.05078125,1,0.006320511077885,0.0401635528384586,0.0,0.0,0.0,0.0,0.0,0.0,1.0,0.08857888,0.07773273,1.0
499,0.0036796681608349,0.0793273371872003,0.052734375,1,0.0053690362919668,0.0399878784684708,0.0,0.0,0.0,0.0,0.0,0.0,1.0,0.18316862,0.055006918,1.0
500,0.001204255034455,0.1726544492568449,0.0371093749999999,1,0.0017670246024194,0.0402426063049531,0.0,0.0,0.0,0.0,0.0,0.0,1.0,0.0734206,0.078937024,1.0
501,0.0022078008965009,0.0620735468431554,0.05078125,1,0.0023107244800869,0.0395443006842516,0.0,0.0,0.0,0.0,0.0,0.0,1.0,0.09703412,0.07345156,1.0
502,0.0073593363216699,0.0859330138107968,0.04296875,1,0.003398124235422,0.0396233541507461,0.0,0.0,0.0,0.0,0.0,0.0,1.0,0.05261638,0.09161641,1.0
503,0.0008028366896367,0.0427638450472415,0.0703125,1,0.0006796248470844,0.0395838274174989,0.0,0.0,0.0,0.0,0.0,0.0,1.0,0.06366043,0.08754824,1.0
504,0.0026092192413193,0.0536382520694865,0.0625,1,0.0034660867201304,0.0401152423867119,0.0,0.0,0.0,0.0,0.0,0.0,1.0,0.056289032,0.09271553,1.0
505,0.0007359336321669,0.0487840568800019,0.076171875,1,0.004009786597798,0.0395223413880032,0.0,0.0,0.0,0.0,0.0,0.0,1.0,0.06341066,0.086184196,1.0
506,0.0058874690573359,0.051735198087671,0.0566406249999999,1,0.0021747995106701,0.0397243669134891,0.0,0.0,0.0,0.0,0.0,0.0,1.0,0.049828283,0.09246012,1.0
507,0.0033451528734863,0.0382294590523307,0.06640625,1,0.0112817724616011,0.0403084841936985,0.0,0.0,0.0,0.0,0.0,0.0,1.0,0.049720597,0.09149731,1.0
508,0.0038134742757744,0.0364662957424771,0.060546875,1,0.0020388745412532,0.03971119133574,0.0,0.0,0.0,0.0,0.0,0.0,1.0,0.055378526,0.08922942,1.0
509,0.001940188666622,0.0426694536436474,0.05859375,1,0.0021068370259616,0.039553084402751,0.0,0.0,0.0,0.0,0.0,0.0,1.0,0.14053908,0.064719394,1.0
510,0.0007359336321669,0.1324103978242838,0.0449218749999999,1,0.0030583118118798,0.0395838274174989,0.0,0.0,0.0,0.0,0.0,0.0,1.0,0.09026804,0.07447991,1.0
511,0.0008028366896367,0.0798009255526635,0.0468749999999999,1,0.0002718499388337,0.0395618681212504,0.0,0.0,0.0,0.0,0.0,0.0,1.0,0.051393796,0.09127001,1.0
512,0.0012711580919248,0.0403218375242856,0.06640625,1,0.0065923610167187,0.0396013948544977,0.0,0.0,0.0,0.0,0.0,0.0,1.0,0.057212725,0.090455934,1.0
513,0.0167257643674315,0.047120143323934,0.06640625,1,0.0028544243577545,0.0397199750542394,0.0,0.0,0.0,0.0,0.0,0.0,1.0,0.052996412,0.09251742,1.0
514,0.0145179634709306,0.0429017012588163,0.0703125,1,0.0019029495718363,0.039597002995248,0.0,0.0,0.0,0.0,0.0,0.0,1.0,0.050371423,0.092570946,1.0
515,0.0012711580919248,0.0386901205110825,0.06640625,1,0.0095147478591817,0.0394784227955062,0.0,0.0,0.0,0.0,0.0,0.0,1.0,0.1080765,0.07352185,1.0
516,0.003412055930956,0.1005953593227928,0.052734375,1,0.0034660867201304,0.0397507180689873,0.0,0.0,0.0,0.0,0.0,0.0,1.0,0.053099375,0.090312004,1.0
517,0.0070248210343212,0.042405992073293,0.06640625,1,0.0002718499388337,0.0399044331427266,0.0,0.0,0.0,0.0,0.0,0.0,1.0,0.0488709,0.091209486,1.0
518,0.0032782498160165,0.0348324434906634,0.05859375,1,0.0018349870871279,0.039755109928237,0.0,0.0,0.0,0.0,0.0,0.0,1.0,0.04992583,0.093285695,1.0
519,0.0028099284137285,0.0388823402756015,0.068359375,1,0.0001359249694168,0.0399439598759739,0.0,0.0,0.0,0.0,0.0,0.0,1.0,0.05170073,0.09455675,1.0
520,0.0092326219308222,0.0432577381251953,0.076171875,1,0.0006796248470844,0.0396013948544977,0.0,0.0,0.0,0.0,0.0,0.0,1.0,,,
